0.45 -2.00309 
0.45 -1.97809 
0.45 -1.95309 
0.45 -1.92809 
0.45 -1.90309 
0.45 -1.87809 
0.45 -1.85309 
0.45 -1.82809 
0.45 -1.80309 
0.45 -1.77809 
0.45 -1.75309 
0.45 -1.72809 
0.45 -1.70309 
0.45 -1.67809 
0.45 -1.65309 
0.45 -1.62809 
0.45 -1.60309 
0.45 -1.57809 
0.45 -1.55309 
0.45 -1.52809 
0.45 -1.50309 
0.45 -1.47809 
0.45 -1.45309 
0.45 -1.42809 
0.45 -1.40309 
0.45 -1.37809 
0.45 -1.35309 
0.45 -1.32809 
0.45 -1.30309 
0.45 -1.27809 
0.45 -1.25309 
0.45 -1.22809 
0.45 -1.20309 
0.45 -1.17809 
0.45 -1.15309 
0.45 -1.12809 
0.45 -1.10309 
0.45 -1.07809 
0.45 -1.05309 
0.45 -1.02809 
0.45 -1.00309 
0.45 -0.978091 
0.45 -0.953091 
0.45 -0.928091 
0.45 -0.903091 
0.45 -0.878091 
0.45 -0.853091 
0.45 -0.828091 
0.45 -0.803091 
0.45 -0.778091 
0.45 -0.753091 
0.45 -0.728091 
0.45 -0.703091 
0.45 -0.678091 
0.45 -0.653091 
0.45 -0.628091 
0.45 -0.603091 
0.45 -0.578091 
0.45 -0.553091 
0.45 -0.528091 
0.45 -0.503091 
0.45 -0.478091 
0.44999900024 -0.453103 
0.449999 -0.428091 
0.449999 -0.403091 
0.449999 -0.378091 
0.449999 -0.353091 
0.449999 -0.328091 
0.44999700096 -0.303115 
0.449997 -0.278091 
0.449997 -0.253091 
0.44999600024 -0.228103 
0.44999400096 -0.203115 
0.449994 -0.178091 
0.44999300024 -0.153103 
0.44999100096 -0.128115 
0.44998800216 -0.103127 
0.44998700024 -0.078103200096 
0.44998300384 -0.0531391999994 
0.44997900384 -0.0281391999994 
0.449974006 -0.0031512100228 
0.44997000384 0.0218608000198 
0.44996400864 0.0468368000021 
0.44995601536 0.0718128000049 
0.44994701944 0.096800800007 
0.449935034559 0.121765001169 
0.44992204056 0.146753000021 
0.44990606144 0.171717000039 
0.449886096 0.196669000077 
0.44986115 0.22160900015 
0.44983220184 0.246561000234 
0.44979926136 0.271513000345 
0.449756443759 0.296393000763 
0.449706599998 0.3213090012 
0.449643952555 0.3461530024 
0.449571278952 0.371033003735 
0.449481943981 0.395829006998 
0.449374799321 0.420613012093 
0.449244181673 0.445325022079 
0.449087992139 0.470010886181 
0.448899755057 0.494615066889 
0.44867369621 0.519146006405 
0.44839981724 0.543543941948 
0.448071255026 0.567859205646 
0.447677562309 0.592028057859 
0.447204870473 0.616001722429 
0.446639123085 0.639783002915 
0.445996154088 0.663897950881 
0.44521877988 0.686773463796 
0.444305457224 0.710216435871 
0.458962784678 0.818453568651 
0.466102748567 0.845935241797 
0.473154192283 0.872232170047 
0.480799584383 0.899553080501 
0.488453536585 0.926010395951 
0.4969227006 0.953898396003 
0.505315995312 0.98054889452 
0.51904461691 1.0185014149 
0.529335782673 1.04518617621 
0.54023124683 1.07231344117 
0.551471975621 1.09921397166 
0.564633341893 1.12879815842 
0.576661080924 1.15482683916 
0.593053539738 1.18742637031 
0.606508276944 1.21301446492 
0.620560326072 1.23882711237 
0.635696384194 1.26546783609 
0.653068937391 1.29422717443 
0.670203592331 1.32110631469 
0.686074860188 1.34522393789 
0.706292062513 1.37402968617 
0.723309363338 1.397414671 
0.740952547363 1.42093639795 
0.759349266242 1.44464278849 
0.779567218159 1.46952876658 
0.798897576389 1.49247119397 
0.818935486392 1.51540519065 
0.83937883662 1.53796378206 
0.860852513836 1.56070658005 
0.882214899319 1.5824946922 
0.904372418258 1.60421656196 
0.927563074735 1.62596456001 
0.951856954996 1.64764470413 
0.975029077904 1.66751787684 
0.999623217465 1.68769155457 
1.02649206942 1.70848336159 
1.05046094582 1.72631829583 
1.07504097318 1.74395456776 
1.10301475536 1.76290269198 
1.12795647217 1.7791354356 
1.15330784382 1.7950516135 
1.18887136896 1.81525163982 
1.21468694179 1.82911972082 
1.23929099279 1.84202536376 
1.26471934681 1.85499128334 
1.29099936524 1.86793129255 
1.33311327138 1.88588197748 
1.3581207313 1.89589817293 
1.38319285157 1.90575274004 
1.40858863841 1.91552150274 
1.43474026578 1.92529608414 
1.47947712349 1.93919828922 
1.50608806741 1.9467314556 
1.53171827957 1.95383233061 
1.55926128819 1.96113512745 
1.58858912806 1.96839287618 
1.61543699388 1.97476045813 
1.64306064298 1.98099714349 
1.66988029803 1.98681480512 
1.69700879777 1.99244580487 
1.72832035502 1.99826806429 
1.75754683786 2.00319917149 
1.78571393836 2.00759899022 
1.81442604353 2.01169789817 
1.84222537242 2.01536914656 
1.87257638675 2.01884205473 
1.89935972628 2.02169257752 
1.92784972369 2.02439293905 
1.954328317 2.02674625498 
1.98356871051 2.02894737673 
2.00885680717 2.03079373481 
2.03440231903 2.03260732398 
2.05970052115 2.03437253025 
2.08499881302 2.03610731186 
2.11017772339 2.03781359684 
2.13283070925 2.03953059485 
2.15861485844 2.04140305558 
2.18341680717 2.04321373481 
2.20943994187 2.04502083799 
2.23547302373 2.04673399881 
2.26149858624 2.04835275699 
2.28740524798 2.04988065501 
2.31334577495 2.0513262586 
2.33925644859 2.05268766652 
2.36495076074 2.05397480342 
2.39087853737 2.05519121538 
2.41646273877 2.0563389156 
2.44240081861 2.05742033768 
2.46797981467 2.05843467637 
2.49379864669 2.05938674534 
2.51937797238 2.06027821836 
2.54617012787 2.06105556187 
2.57177288577 2.061742322 
2.59915874073 2.06226695563 
2.62452081758 2.06271354679 
2.64986869351 2.06312963185 
2.67535048619 2.0635071494 
2.7023900768 2.06373040046 
2.72775004716 2.06390306424 
2.75479 2.06391 
2.77967000001 2.063919976 
2.80467000001 2.063929976 
2.82979 2.06393 
2.85467000001 2.063939976 
2.87979 2.06394 
2.90479 2.06394 
2.92967000001 2.063949976 
2.95479 2.06395 
2.97979 2.06395 
3.00479 2.06395 
3.02979 2.06395 
3.05467000001 2.063959976 
3.07979 2.06396 
3.10479 2.06396 
3.12979 2.06396 
3.15479 2.06396 
3.17979 2.06396 
3.20479 2.06396 
3.22979 2.06396 
3.25479 2.06396 
3.27967000001 2.063969976 
3.30479 2.06397 
3.32979 2.06397 
3.35479 2.06397 
3.37979 2.06397 
3.40479 2.06397 
3.42979 2.06397 
3.45479 2.06397 
3.47979 2.06397 
3.50479 2.06397 
3.52979 2.06397 
3.55479 2.06397 
3.57979 2.06397 
3.60479 2.06397 
3.62979 2.06397 
3.65479 2.06397 
3.67979 2.06397 
3.70479 2.06397 
3.72979 2.06397 
3.75479 2.06397 
3.77979 2.06397 
3.80479 2.06397 
3.82979 2.06397 
3.85479 2.06397 
3.87979 2.06397 
3.90479 2.06397 
3.92979 2.06397 
3.95479 2.06397 
3.97979 2.06397 
4.00479 2.06397 
4.02979 2.06397 
4.05479 2.06397 
4.07979 2.06397 
4.10479 2.06397 
4.12979 2.06397 
4.15479 2.06397 
4.17979 2.06397 
4.20479 2.06397 
4.22979 2.06397 
4.25479 2.06397 
4.27979 2.06397 
4.30479 2.06397 
4.32979 2.06397 
4.35479 2.06397 
4.37990999999 2.063959976 
4.40479 2.06396 
4.42979 2.06396 
4.45479 2.06396 
4.47979 2.06396 
4.50479 2.06396 
4.52990999999 2.063949976 
4.55479 2.06395 
4.57990999999 2.063939976 
4.60490999999 2.063929976 
4.62990999999 2.063919976 
4.65490999999 2.063909976 
4.68002999992 2.063889904 
4.70514999974 2.063859784 
4.73014999974 2.063829784 
4.75526999939 2.063789616 
4.78050999793 2.063729136 
4.80574999508 2.06364846401 
4.83110998722 2.06353709604 
4.85634997891 2.06340594408 
4.88206993416 2.06321133638 
4.9076698673 2.06296617696 
4.9336212217 2.06263540735 
4.95981928891 2.06219767296 
4.98649100177 2.06160470411 
5.01363966116 2.06080855723 
5.04138054665 2.05974407772 
5.07018795704 2.05828045535 
5.10005173667 2.05628547797 
5.13131036608 2.05355408767 
5.16430008381 2.04980071511 
5.19707698388 2.04517001427 
5.22835271604 2.04000589598 
5.26161412012 2.03354984908 
5.2945241819 2.02615829676 
5.3295968016 2.01696259116 
5.36414653336 2.0065187628 
5.39994043494 1.99406122084 
5.43823265601 1.97850246869 
5.46047930365 1.96926424623 
5.48091700942 1.96102735881 
5.50050803209 1.95344642516 
5.52181903671 1.94535746486 
5.54205223178 1.93795608362 
5.56573368094 1.92924842314 
5.59319155169 1.91872605362 
5.62277232812 1.90664565995 
5.65062963059 1.89465601029 
5.68014677077 1.88111809309 
5.70865294256 1.86724686627 
5.73570246479 1.85345388426 
5.76354467442 1.8385016193 
5.79083146865 1.82309020489 
5.81915100665 1.80612538331 
5.84461010541 1.7902240115 
5.87039278248 1.77343835798 
5.89599668244 1.75603979364 
5.9213006878 1.7380930899 
5.9463685677 1.71952807426 
5.97078341391 1.70069275591 
5.99609474385 1.68017033471 
6.01894266825 1.66096061392 
6.04196836679 1.64087814591 
6.06529009717 1.61965010627 
6.08729343427 1.59887418452 
6.10931564957 1.5772660444 
6.13161646229 1.55437626428 
6.15259456001 1.53197692527 
6.1734030858 1.5088417224 
6.19453735734 1.48417478521 
6.21409091781 1.46038894199 
6.23332884745 1.43600765987 
6.25372227429 1.40859430171 
6.27101920198 1.38441656573 
6.28828106843 1.35936073354 
6.31097134688 1.32267277871 
6.3247451521 1.29941263999 
6.3384909438 1.27578822218 
6.35235094592 1.2514130038 
6.37256054482 1.21106061797 
6.38399579015 1.18702897193 
6.39524528055 1.16308838852 
6.40650697062 1.13874246901 
6.41758562956 1.11442520642 
6.43213404885 1.07912731246 
6.44206481298 1.05404811954 
6.45169737508 1.0293523517 
6.46107910019 1.00504216444 
6.47039800426 0.980619342209 
6.47955764084 0.956393644587 
6.48843630382 0.93287482953 
6.49802750697 0.906767351796 
6.50713787803 0.88145386839 
6.51590048865 0.856795515706 
6.52442665696 0.832640290796 
6.52852653132 0.823666575027 
6.53841676144 0.799299874367 
6.54801076343 0.775509662443 
6.55743231109 0.752090366441 
6.56657553437 0.729502145086 
6.57556119643 0.707584867457 
6.57919509776 0.701230032337 
6.58958767163 0.679832840551 
6.59992290698 0.658844430807 
6.61006288599 0.638678504377 
6.61569086641 0.629354111354 
6.62684779348 0.609947842114 
6.63798343969 0.591035616381 
6.64910013514 0.572663402122 
6.65761930401 0.559801806277 
6.66926425299 0.542409191993 
6.68088128634 0.525635566938 
6.69276829368 0.509017634801 
6.70305402803 0.495556626328 
6.71550364064 0.479646807577 
6.72829753002 0.463802540944 
6.73981825771 0.450308622384 
6.75313366732 0.435114916191 
6.76634122155 0.42059465994 
6.77830575866 0.408190396755 
6.79245013508 0.39388564969 
6.80640796147 0.380297349011 
6.81880389684 0.368966253486 
6.83380795897 0.355565872377 
6.84697597224 0.344495019229 
6.86213392225 0.332128099238 
6.87761846297 0.319940093844 
6.89226918377 0.308968275322 
6.90793637414 0.297660581992 
6.92329945206 0.287078112112 
6.93965511603 0.276210703557 
6.95601189709 0.265782860608 
6.97157011961 0.256389066713 
6.98854979337 0.246503555028 
7.00471454793 0.237589408594 
7.0218736004 0.228512756236 
7.03844417138 0.220222938384 
7.05639386941 0.211584030849 
7.07426072503 0.203379665737 
7.09171414129 0.195795724072 
7.109758822 0.188331690763 
7.12718613632 0.181568807518 
7.14657377723 0.17431741055 
7.16525848749 0.167710600507 
7.18443903496 0.16126088115 
7.20282746439 0.155485311478 
7.22168967413 0.149918622676 
7.23980107485 0.145000974461 
7.25862689136 0.140247823535 
7.2773701744 0.135900694324 
7.29604708725 0.131958075511 
7.31388252959 0.128640779977 
7.33253286443 0.125542500274 
7.3507574653 0.122936788671 
7.36933646794 0.120669048017 
7.38496974956 0.119341341783 
7.40497463378 0.117828676339 
7.42449118476 0.116719585504 
7.44478721571 0.115868531387 
7.4659692507 0.11523583859 
7.48568963913 0.115018069627 
7.50524201618 0.115160601418 
7.52471108458 0.11566251016 
7.54587664134 0.116447495499 
7.56405094436 0.117589277893 
7.58107005088 0.119142402162 
7.59949988502 0.121181356295 
7.61664238612 0.123558202895 
7.63536639063 0.126492490011 
7.65498068952 0.129888032103 
7.67247521994 0.133395365919 
7.68697107007 0.136913031527 
7.69893238279 0.140475181208 
7.71747665947 0.146009460669 
7.73496958128 0.151676959786 
7.75225377474 0.15770758277 
7.76957442964 0.164171611188 
7.78673451503 0.171005008674 
7.80955730404 0.180032609629 
7.82562828824 0.186960471865 
7.84111498141 0.194141947449 
7.8571126428 0.202004432819 
7.87283901808 0.210214791425 
7.87960045086 0.214750136944 
7.8887653296 0.221118563351 
7.90968271352 0.23478372182 
7.92999518322 0.24812263101 
7.94421656815 0.258104900628 
7.96770627427 0.274031927745 
8.01648964588 0.301959882164 
7.99816284327 0.292538698599 
8.01895748447 0.308010060767 
8.04023408844 0.323685818658 
8.05747472194 0.336711825107 
8.06752042492 0.345230173221 
8.08527618334 0.359953886465 
8.10215079574 0.374233753521 
8.11965043303 0.389228811464 
8.13366722723 0.401824828332 
8.1561153672 0.421286419019 
8.1640544639 0.429250510831 
8.1756542981 0.44105777619 
8.18764251384 0.453836580046 
8.19947305765 0.467065140331 
8.21074202268 0.480340465924 
8.22220272575 0.494446621689 
8.23310901843 0.508560252983 
8.24390933405 0.523196028657 
8.25371800293 0.537291321234 
8.26285256355 0.551255641531 
8.27290270789 0.567203011004 
8.28349153184 0.584541665204 
8.28509688198 0.589078206254 
8.29617706737 0.610400168825 
8.30648805687 0.630633870186 
8.31595400422 0.649806967783 
8.32540477889 0.669460933703 
8.32472440932 0.670443594094 
8.33338422341 0.693088798792 
8.3416980868 0.715149934958 
8.34991570197 0.737268624042 
8.35792067164 0.759190293048 
8.36543815999 0.780350347626 
8.36571032965 0.784150686687 
8.37158677866 0.806011636333 
8.37779329969 0.829334848041 
8.38311114084 0.850325320734 
8.38772773822 0.86995899813 
8.39270446853 0.891823911988 
8.39756117209 0.913951584745 
8.40207499284 0.935548824113 
8.40607102387 0.956117452129 
8.40957285866 0.975929488903 
8.41305206248 0.996991987139 
8.41616233157 1.01762634105 
8.41920473418 1.03926131016 
8.42171627461 1.059506759 
8.42436712257 1.08204679947 
8.42682413125 1.10450064474 
8.42914463168 1.1272095251 
8.43132216469 1.15005596818 
8.43334468245 1.17292224706 
8.43503427228 1.19472357821 
8.43671694442 1.21797514156 
8.43812732904 1.24028953294 
8.43950893001 1.26380770725 
8.44066370096 1.28649442559 
8.44178441945 1.31026120885 
8.44271978369 1.33331960051 
8.44363653871 1.35746633006 
8.444401504 1.38089257673 
8.44512501686 1.40503954931 
8.44574142971 1.42883048302 
8.44632636269 1.4532279273 
8.44681245446 1.4771411744 
8.44727300195 1.50165900356 
8.44765842336 1.52581130575 
8.4480228506 1.55044951381 
8.44833457298 1.57484968547 
8.44862018196 1.59948976589 
8.44886499888 1.62400985001 
8.44909270536 1.64876098751 
8.44927866362 1.67327993416 
8.4494577757 1.69815994401 
8.44960539985 1.7227999676 
8.44974470389 1.74767997366 
8.44986345594 1.77243998341 
8.44997290396 1.79731998722 
8.45006194398 1.822079993 
8.45015194398 1.847079993 
8.45022117599 1.87183999671 
8.45029117599 1.89683999671 
8.4503406 1.9215999988 
8.450400864 1.94671999793 
8.450440384 1.97147999939 
8.450480384 1.99647999939 
8.450510216 2.02135999974 
8.450550384 2.04647999939 
8.450570096 2.07123999992 
8.450600216 2.09635999974 
8.450620096 2.12123999992 
8.450640096 2.14623999992 
8.450650024 2.17111999999 
8.450670096 2.19623999992 
8.450680024 2.22111999999 
8.450690024 2.24611999999 
8.450700024 2.27111999999 
8.450710024 2.29611999999 
8.450720024 2.32111999999 
8.45072 2.346 
8.450730024 2.37111999999 
8.45073 2.396 
8.450740024 2.42111999999 
8.45074 2.446 
8.450750024 2.47111999999 
8.45075 2.496 
8.45075 2.521 
8.45075 2.546 
8.450760024 2.57111999999 
8.45076 2.596 
8.45076 2.621 
8.45076 2.646 
8.45076 2.671 
8.45076 2.696 
8.45076 2.721 
8.45076 2.746 
8.45076 2.771 
8.450770024 2.79611999999 
8.45077 2.821 
8.45077 2.846 
8.45077 2.871 
8.45077 2.896 
8.45077 2.921 
8.45077 2.946 
8.45077 2.971 
8.45077 2.996 
8.45077 3.021 
8.45077 3.046 
8.45077 3.071 
8.45077 3.096 
8.45077 3.121 
8.45077 3.146 
8.45077 3.171 
8.45077 3.196 
8.45077 3.221 
8.45077 3.246 
8.45077 3.271 
8.45077 3.296 
8.45077 3.321 
8.45077 3.346 
8.45077 3.371 
8.45077 3.396 
8.45077 3.421 
8.45077 3.446 
8.45077 3.471 
8.45077 3.496 
8.45077 3.521 
8.45077 3.546 
8.45077 3.571 
8.45077 3.596 
8.45077 3.621 
8.45077 3.646 
8.45077 3.671 
8.45077 3.696 
8.45077 3.721 
8.45077 3.746 
8.45077 3.771 
8.45077 3.796 
8.45077 3.821 
8.45077 3.846 
8.45077 3.871 
8.45077 3.896 
8.45077 3.921 
8.45077 3.946 
8.45077 3.971 
8.45077 3.996 
8.45077 4.021 
8.45077 4.046 
8.45077 4.071 
8.45077 4.096 
8.45077 4.121 
8.45077 4.146 
8.45077 4.171 
8.45077 4.196 
8.45077 4.221 
8.45077 4.246 
8.45077 4.271 
8.45077 4.296 
8.45077 4.321 
8.45077 4.346 
8.45077 4.371 
8.45077 4.396 
8.45077 4.421 
8.45077 4.446 
8.45077 4.471 
8.45077 4.496 
8.45077 4.521 
8.450780024 4.54611999999 
8.45078 4.571 
8.45078 4.596 
8.45078 4.621 
8.450790024 4.64611999999 
8.45079 4.671 
8.45079 4.696 
8.450800024 4.72111999999 
8.450810024 4.74611999999 
8.450820024 4.77111999999 
8.45082 4.796 
8.450840096 4.82123999992 
8.450850024 4.84611999999 
8.450870096 4.87123999992 
8.450890096 4.89623999992 
8.450910096 4.92123999992 
8.450940216 4.94635999974 
8.450980384 4.97147999939 
8.451020384 4.99647999939 
8.45112239997 5.0221999904 
8.45120153599 5.04695999508 
8.4512506 5.0715999988 
8.451270096 5.09623999992 
8.4512206 5.1204000012 
8.451160864 5.14528000207 
8.451120384 5.17052000061 
8.451080384 5.19552000061 
8.451040384 5.22052000061 
8.451010216 5.24564000026 
8.450980216 5.27064000026 
8.450950216 5.29564000026 
8.450930096 5.32076000008 
8.450910096 5.34576000008 
8.450890096 5.37076000008 
8.450870096 5.39576000008 
8.450860024 5.42088000001 
8.450840096 5.44576000008 
8.450830024 5.47088000001 
8.450810096 5.49576000008 
8.450800024 5.52088000001 
8.450780096 5.54576000008 
8.450770024 5.57088000001 
8.450750096 5.59576000008 
8.450730096 5.62076000008 
8.450710096 5.64576000008 
8.450680216 5.67064000026 
8.450650216 5.69564000026 
8.450620216 5.72064000026 
8.450580384 5.74552000061 
8.450540384 5.77052000061 
8.450480864 5.79528000207 
8.45041117599 5.82016000329 
8.45033153599 5.84504000492 
8.45024194398 5.869920007 
8.45012345594 5.89456001659 
8.44998470389 5.91932002634 
8.44981693576 5.94396004716 
8.44961058344 5.9684800889 
8.44936499888 5.99300014999 
8.46595941948 6.09756083828 
8.47369322271 6.12522470489 
8.48209846256 6.15363531496 
8.49055724554 6.18096844265 
8.49990335986 6.20952560672 
8.50928096739 6.236906842 
8.52371390917 6.27400445835 
8.53465079833 6.30048966961 
8.54682782982 6.32855786999 
8.55867397128 6.35486882244 
8.57134886854 6.38188111627 
8.58826114108 6.41486982501 
8.60208106369 6.44057864991 
8.61637931319 6.46627154216 
8.63142459652 6.49228671815 
8.65070320432 6.52318429675 
8.66660101237 6.54762541457 
8.68485341677 6.57433827275 
8.70140299164 6.59782553894 
8.72052432849 6.62372648259 
8.7409028609 6.64985346021 
8.75810743444 6.67139606495 
8.78278019279 6.70010727349 
8.79995663727 6.71967026531 
8.81792294355 6.73986298758 
8.8457939556 6.76870564957 
8.86275935545 6.78602143782 
8.8808339556 6.80437564957 
8.91255351087 6.83364385962 
8.92890978416 6.84865114731 
8.94970952606 6.86735713436 
8.97699434174 6.89041070028 
8.99456977925 6.90530483984 
9.01700837287 6.92382481355 
9.03692926034 6.94015209496 
9.05662245228 6.95624476131 
9.07981452919 6.97465428014 
9.09347452223 6.98612267101 
9.121213527 7.00784965447 
9.13896915832 7.0218545134 
9.14957180385 7.03111609509 
9.17353402783 7.05072826207 
9.19284525615 7.06648033471 
9.2129924695 7.08281162912 
9.22245540411 7.09146977391 
9.24225458592 7.10875036504 
9.24883757083 7.11567451254 
9.26832309097 7.13429582602 
9.28653579405 7.15167296557 
9.29542548746 7.16120242917 
9.31249167521 7.17888838346 
9.3284499674 7.19564143991 
9.33694022609 7.20564459589 
9.35215834335 7.22315361448 
9.36632220349 7.23981555575 
9.37477824233 7.25085717769 
9.38817617112 7.26821522971 
9.39825647582 7.28215258067 
9.40955647197 7.29825543509 
9.42105607794 7.31515853758 
9.43054472082 7.32998519977 
9.44114291832 7.34703945127 
9.44953021101 7.36155747823 
9.4592348689 7.37886034022 
9.46744145925 7.39447986264 
9.47633723534 7.41204593711 
9.484039311 7.42827394829 
9.49186170637 7.44558010571 
9.4992578156 7.46289369449 
9.50592264119 7.47961700942 
9.51259239291 7.49732387364 
9.51835641025 7.51395421674 
9.52418072647 7.53183952481 
9.52949497303 7.54949153479 
9.53444580948 7.56731963474 
9.5385244841 7.58385366616 
9.54275376046 7.60234840876 
9.54629419513 7.61986120223 
9.54962142012 7.63820529042 
9.55256130389 7.65662672388 
9.55498694048 7.67455903013 
9.55676460994 7.69136509816 
9.55835732889 7.70977843414 
9.55958916201 7.72848005813 
9.560322166 7.74637218385 
9.56053300195 7.76332900356 
9.56038239997 7.7814900096 
9.55977144277 7.79880033884 
9.55874986422 7.81715585837 
9.55732262327 7.83536871051 
9.55548648048 7.8535474053 
9.5532534473 7.87139921061 
9.5505916164 7.88940875256 
9.54756966283 7.90677681255 
9.54404108422 7.92482063527 
9.54016029287 7.94243437575 
9.53582748182 7.96024505839 
9.5311378522 7.97773524063 
9.52606661024 7.99501902202 
9.52081975159 8.01118262776 
9.51495750477 8.02793158226 
9.50857511569 8.04495040103 
9.50192234155 8.06144093138 
9.49473761993 8.07818354066 
9.48733416212 8.09431265817 
9.479349311 8.11076605171 
9.47118053448 8.12659027264 
9.46218027918 8.14325694179 
9.45267094219 8.1601205279 
9.44219830936 8.17816480745 
9.43275278969 8.19348949961 
9.42237097131 8.20968972236 
9.41148908818 8.2260362868 
9.40057967556 8.24172668399 
9.39059647582 8.25516741933 
9.38451523869 8.26194245228 
9.37074681868 8.27835408137 
9.35793668421 8.29301580928 
9.35253937087 8.29776979823 
9.33624974756 8.31419000321 
9.32046055775 8.32980087045 
9.31295083166 8.3359909305 
9.29554431354 8.3513562076 
9.2776921735 8.36698390307 
9.2653372694 8.37697668342 
9.24733926328 8.39160761668 
9.22879736479 8.40656391839 
9.20972578562 8.42189500024 
9.19209891997 8.43580660709 
9.17348428631 8.45037103163 
9.14870984615 8.47060326782 
9.13134869843 8.48457802157 
9.11282717895 8.49936891058 
9.08540856727 8.52270157264 
9.06742645207 8.53803238708 
9.04845569494 8.55420187884 
9.02883270542 8.57102149041 
9.00232064602 8.59520238784 
8.98325387612 8.6129034045 
8.95784822285 8.63796813283 
8.93883087398 8.6571811854 
8.91983496242 8.67665534046 
8.89596289447 8.70262083905 
8.87737805636 8.72341719241 
8.85868963496 8.74480458592 
8.83675025174 8.77137291029 
8.81866194155 8.7940393379 
8.79854942779 8.8205846146 
8.78142927352 8.84393556159 
8.7641860064 8.86824132447 
8.74646765776 8.89435517047 
8.73017591959 8.91926038498 
8.71334940889 8.94623101738 
8.6980134309 8.97177606773 
8.68285700833 8.99805276401 
8.6675671426 9.02595209684 
8.65353445653 9.05270800572 
8.63967440156 9.08044234984 
8.62663420985 9.10775102807 
8.61342980733 9.13710972554 
8.60160211611 9.16473222866 
8.59004431912 9.19317983046 
8.57919394638 9.22127844831 
8.56848448681 9.25081441341 
8.55875862332 9.27916635995 
8.54942640862 9.30800849958 
8.54048855377 9.33756755228 
8.53217331921 9.36707772307 
8.52432433901 9.3972736958 
8.51714591375 9.42733008484 
8.51050563529 9.45793838795 
8.50459107979 9.48795458916 
8.49942677799 9.51606770329 
8.49464889808 9.54366773109 
8.49012644679 9.57159781435 
8.48593566135 9.59920236948 
8.48195926382 9.62781818257 
8.47843739454 9.65461785441 
8.4750843109 9.68174162737 
8.47195163016 9.70859669799 
8.46899525993 9.73572513891 
8.46625463168 9.7624004749 
8.46367216469 9.78933403182 
8.46127659729 9.81591059349 
8.45903076054 9.84214092011 
8.45690248668 9.86885860849 
8.45494117243 9.89620293853 
8.4531844002 9.92269566 
8.45157893001 9.94982229275 
8.45013747355 9.97585875455 
8.44880489681 10.0024067502 
8.44756243813 10.027657832 
8.4463650142 10.0533392376 
8.44520242347 10.0783949604 
8.44402928755 10.1030361501 
8.4428253498 10.1273987703 
8.44155730367 10.1513820336 
8.44021601414 10.175665172 
8.43882350548 10.1998994262 
8.43735494297 10.2235356465 
8.43576361059 10.2456088043 
8.43396399418 10.2681196429 
8.43198980348 10.2894445603 
8.42975754148 10.310781191 
8.42733990641 10.3302356338 
8.42456418699 10.3497291463 
8.42165182285 10.3665803038 
8.41826085269 10.3836237419 
8.41501426147 10.3965171113 
8.4110297068 10.4105103337 
8.40535920882 10.4301077725 
8.39885917229 10.4521164558 
8.39289750592 10.4709614819 
8.38614797677 10.4916032395 
8.3798430938 10.509522764 
8.37282258028 10.5285997528 
8.36591464159 10.5461734849 
8.35756290893 10.5670935089 
8.35043883158 10.583603763 
8.34224561315 10.6018908873 
8.33398944501 10.6193759689 
8.32626631202 10.6345473708 
8.31589184357 10.6548405694 
8.30712807814 10.6709412276 
8.29741328423 10.6881355611 
8.2890343239 10.7017981538 
8.27725723929 10.7209863355 
8.26580014684 10.7391401396 
8.25614798707 10.7534453414 
8.24441341677 10.7704617273 
8.23394687107 10.7847859152 
8.22112657862 10.8020457225 
8.20949250437 10.8169907092 
8.19686214081 10.8327381002 
8.18369779498 10.8486888178 
8.17112139915 10.8633097493 
8.15733217953 10.8789386409 
8.14387825392 10.8936549511 
8.13106017001 10.907043587 
8.11720300304 10.9210562592 
8.10252919787 10.9354772831 
8.0894880662 10.947620095 
8.07483743314 10.9608551362 
8.06074638552 10.9730183434 
8.04644269951 10.9848353178 
8.03152007506 10.9966924977 
8.0157317124 11.0088249372 
7.99087631882 11.0288461415 
7.97975514702 11.0369136829 
7.96759688002 11.0451703201 
7.9480256584 11.0586911113 
7.93462919022 11.0671871816 
7.92227413032 11.0743451026 
7.9068076825 11.0829775549 
7.899880264 11.0858005388 
7.87974477187 11.0954308431 
7.86057715148 11.1042811261 
7.84145436501 11.1127945346 
7.82215349621 11.1210802367 
7.82579157591 11.1184170403 
7.80209055771 11.1259726968 
7.78162781303 11.1322057226 
7.75788889736 11.1394443291 
7.73621801647 11.1458533035 
7.71457152862 11.1520608866 
7.69292402452 11.1580704255 
7.68762975989 11.1585108676 
7.66553130515 11.1629165719 
7.64453143282 11.1668274761 
7.6223505111 11.1707828587 
7.6001204382 11.1745587157 
7.57899273869 11.1778740303 
7.55667177128 11.1812050233 
7.53433033155 11.1843530883 
7.51311812096 11.1870705742 
7.4895391031 11.190012948 
7.46827302317 11.1923894519 
7.44463802185 11.1949538605 
7.42215440403 11.1972043313 
7.39847626714 11.1994849954 
7.37596683143 11.2014641375 
7.35225834873 11.2034604128 
7.32853968821 11.2053607635 
7.30599559052 11.2069789287 
7.28225826333 11.208594522 
7.25851095993 11.2101149689 
7.23475643494 11.2115407012 
7.21099948388 11.2128707983 
7.18723238189 11.2141057505 
7.16345931912 11.215245832 
7.13968222126 11.2162904429 
7.11590000384 11.2172400959 
7.09211836148 11.2180945221 
7.06833107579 11.2188536049 
7.04334107579 11.2196536049 
7.02074919404 11.2201864318 
6.99455993347 11.2209176249 
6.97196880012 11.22136003 
6.94697119964 11.221859982 
6.92197119964 11.222359982 
6.89817869425 11.2227384234 
6.87318061428 11.2231383926 
6.84938025917 11.2234215977 
6.82318061428 11.2238383926 
6.8005891165 11.2240096072 
6.77439025917 11.2243215977 
6.7505900768 11.2245095995 
6.72439025917 11.2248215977 
6.7005900768 11.2250095995 
6.6767900096 11.2251024 
6.6505900768 11.2253095995 
6.6267900096 11.2254024 
6.6005900768 11.2256095995 
6.5767900096 11.2257024 
6.5517900096 11.2258024 
6.5267900096 11.2259024 
6.5017900096 11.2260024 
6.47799 11.226 
6.4517900096 11.2261024 
6.42799 11.2261 
6.40299 11.2261 
6.37799 11.2261 
6.3541899904 11.2260024 
6.32799 11.226 
6.3053899232 11.2258095995 
6.2791899904 11.2257024 
6.2554008835 11.2255096072 
6.23159974083 11.2252215977 
6.20659974083 11.2249215977 
6.18279938572 11.2245383926 
6.15901119988 11.22406003 
6.13642006653 11.2234176249 
6.11262892421 11.2226536049 
6.09004999616 11.2217400959 
6.06867761811 11.2206057505 
6.04613356506 11.2192407012 
6.02719031179 11.2176607635 
6.00591437067 11.2156727017 
5.98828170115 11.2135254346 
5.97073630142 11.21095544 
5.95688870703 11.2082791438 
5.94206786389 11.2049630246 
5.92867085636 11.2013777132 
5.91907803299 11.1980647467 
5.91000243993 11.1943732514 
5.90504867787 11.1915317903 
5.90228774966 11.1892163946 
5.8910656862 11.1824745253 
5.87089353724 11.170696804 
5.85075831567 11.158798127 
5.83165807823 11.1472704749 
5.81126235327 11.1348663759 
5.78981914474 11.1218340303 
5.76736197024 11.1083065424 
5.74480727607 11.0948504418 
5.72731033164 11.0840263704 
5.71214906452 11.074099766 
5.69709952864 11.0637557984 
5.68081495928 11.052209641 
5.66629692929 11.0413540773 
5.65044476237 11.0291451585 
5.63558282105 11.0171989106 
5.62106730049 11.0050353178 
5.60602058612 10.9920155651 
5.59269587739 10.9798692072 
5.57763121494 10.9658161053 
5.56418626428 10.9526935377 
5.55117704357 10.939430444 
5.5377100326 10.9252285601 
5.52465658743 10.9109303662 
5.51255611742 10.8970414841 
5.50035072786 10.8824781714 
5.48839390127 10.8676299522 
5.47712350926 10.8529659176 
5.46524042422 10.8370076427 
5.45429565913 10.8216310916 
5.4434605588 10.8057802515 
5.43277469452 10.7895138885 
5.4217214202 10.7721838911 
5.41212236466 10.7563071328 
5.40152925852 10.7383326476 
5.39122950731 10.7202774525 
5.38164942887 10.7027783051 
5.37230597734 10.6850274174 
5.36307367862 10.666825857 
5.35358190086 10.6475895955 
5.34462114476 10.6287697864 
5.33664122336 10.6110959524 
5.32881356606 10.5929491683 
5.32068130414 10.573456203 
5.312268283 10.5528161771 
5.30461001243 10.5332413685 
5.29751848269 10.5142155943 
5.29102188242 10.4957281128 
5.28485287373 10.4771155966 
5.2779630416 10.4558368621 
5.27118477672 10.4343238751 
5.26487866889 10.4135044629 
5.25887223837 10.3928106106 
5.2533416944 10.3726905857 
5.24820336475 10.3528199505 
5.24365975904 10.333770412 
5.23889011143 10.3128200155 
5.23416373536 10.2911622809 
5.22967015678 10.2695467102 
5.22536328677 10.2478116405 
5.22124994309 10.225979401 
5.21735259465 10.2041634007 
5.21361084857 10.1821278799 
5.21018461021 10.1605431917 
5.20686442501 10.1384216817 
5.20373969375 10.1162593014 
5.20077883239 10.0939294296 
5.19805747847 10.0718442194 
5.19530390447 10.0485827871 
5.192578439 10.0248496149 
5.18993073694 10.0010311148 
5.18723869215 9.97657409558 
5.18454595457 9.95192270697 
5.1817728196 9.92677079172 
5.17889205473 9.90120638675 
5.17585456535 9.87517829885 
5.1725392893 9.84832885054 
5.16893803596 9.82102952166 
5.16483052199 9.79255847316 
5.16004368225 9.76283802327 
5.15446675044 9.73214427361 
5.14786291147 9.70023989109 
5.14051417729 9.66869429603 
5.13335943893 9.64012755868 
5.12570065387 9.6114432407 
5.11730533319 9.58211982075 
5.10791185883 9.55181067169 
5.09748471016 9.52090136247 
5.08555952252 9.48874515372 
5.07336532905 9.45839189298 
5.06146788389 9.43037222866 
5.04881623433 9.4021256795 
5.03502915687 9.37314477187 
5.0201387918 9.34381620222 
5.00528192186 9.31611122758 
4.99010342814 9.28912631299 
4.97404207736 9.26195688097 
4.95696599092 9.23457761476 
4.94031739993 9.20900635483 
4.92300373805 9.18350108269 
4.90493677505 9.15802640618 
4.88623499777 9.13280922572 
4.86731646372 9.10834050689 
4.84781536166 9.08414230253 
4.82719530001 9.05971156867 
4.80717928302 9.03688303875 
4.78613137853 9.01383458507 
4.76437392251 8.99101792686 
4.742571681 8.96905822306 
4.72014405749 8.94737617212 
4.69700448506 8.9259525835 
4.673466162 8.90508365332 
4.6493319557 8.88461843959 
4.625035171 8.86488597174 
4.59995203336 8.84542326962 
4.57463163716 8.82665002539 
4.54898543509 8.80847647197 
4.52292864176 8.79084140085 
4.49668282146 8.77387008077 
4.46993457866 8.75737141658 
4.44310581381 8.74157714369 
4.41567999634 8.72620825637 
4.38801963639 8.71146955014 
4.36006361493 8.69732281838 
4.33171115261 8.68372953398 
4.30332852617 8.67083898677 
4.27468259257 8.65853393044 
4.24609016954 8.64691431912 
4.21700375917 8.6357775687 
4.18764331926 8.62522471241 
4.15782632956 8.61522102062 
4.1283212982 8.60597582934 
4.09893874173 8.59737555854 
4.06924435669 8.58929791862 
4.03950244704 8.58181019129 
4.0092441819 8.57483170324 
3.97876120223 8.56845419513 
3.94791381939 8.56267744643 
3.91702581199 8.55756442142 
3.88577203837 8.55308648423 
3.85448751002 8.54929681399 
3.82312410751 8.54618759545 
3.79159063391 8.54376150349 
3.7601369178 8.54202830491 
3.72890892421 8.5409636049 
3.69742983128 8.54056622268 
3.66595886643 8.54084882929 
3.63449135764 8.54181137488 
3.60328739055 8.54342139405 
3.57235687162 8.54564314032 
3.54157868019 8.54846590131 
3.5108594044 8.55189475365 
3.48281249746 8.55537005239 
3.45029236948 8.56018566135 
3.41941118463 8.56545903228 
3.38852715837 8.57141667358 
3.35772154479 8.57805528644 
3.32708115072 8.58535633743 
3.29677744774 8.59325831547 
3.26648515501 8.60185815043 
3.23651440884 8.61105890761 
3.2041805337 8.62200410809 
3.17508397013 8.63257349868 
3.14602770376 8.64380409466 
3.11730249183 8.65557882594 
3.0887073356 8.66799098585 
3.05840712791 8.68211263471 
3.03086138739 8.69565331574 
3.00358456588 8.70971017951 
2.97648365867 8.72434362563 
2.94931330923 8.73974313472 
2.92259700915 8.75561174758 
2.89624054873 8.77199291832 
2.8706772444 8.7885449811 
2.84588391313 8.80518581363 
2.8191823417 8.82404955306 
2.7915015495 8.84491001451 
2.76585591104 8.86536228532 
2.74635591104 8.88101228532 
2.71954752231 8.9038422422 
2.69592384293 8.92499982067 
2.679323838 8.93963365332 
2.65679503613 8.96019907084 
2.63457428055 8.98125605128 
2.61154798319 9.00413796507 
2.59086350265 9.0254118931 
2.56768148925 9.05062577038 
2.54826290483 9.07249371257 
2.5288007826 9.09512355852 
2.50823966529 9.12018525615 
2.48999571986 9.14317452919 
2.47175398549 9.16694478789 
2.45332283637 9.19196408978 
2.43599925847 9.21633491556 
2.41842351257 9.24213881978 
2.40187669751 9.26739131175 
2.3854005088 9.293640318 
2.37002461669 9.31904899335 
2.35490508811 9.34499907245 
2.33985102979 9.37202048886 
2.32577397168 9.39831009282 
2.31179196937 9.42562552099 
2.29842456129 9.45295657678 
2.28540449655 9.48092987478 
2.27298736392 9.50899600152 
2.26130393574 9.53667847016 
2.25005182707 9.5646707313 
2.23917782741 9.59322054537 
2.22885804112 9.62187780224 
2.21895797183 9.6511361323 
2.20979514714 9.67987163292 
2.20136435692 9.70764434367 
2.19323992805 9.73586424487 
2.18550632267 9.7643135925 
2.17819762867 9.79287958188 
2.17122954187 9.82212699388 
2.16468003963 9.85206566967 
2.15873759406 9.88174753601 
2.15336824989 9.91100874988 
2.14863554819 9.9383113326 
2.14415040639 9.96563643605 
2.13992281382 9.99283113267 
2.13593092622 10.0199971155 
2.13216506629 10.047081735 
2.1286079093 10.0742367107 
2.12529663699 10.1006895796 
2.12211810022 10.1276197441 
2.11915598979 10.1534853844 
2.11629074893 10.1792177608 
2.11350999505 10.2044860236 
2.11078755575 10.2290365233 
2.10804398823 10.253599014 
2.10528598979 10.2776853844 
2.102451561 10.3023496149 
2.0996004484 10.3269129034 
2.09673810022 10.3512197441 
2.09384688462 10.3751906889 
2.09089718119 10.3989259886 
2.08789252418 10.4219546554 
2.08472424071 10.4454582808 
2.08155527378 10.4672856043 
2.07807271323 10.4905740936 
2.07454265032 10.5129282919 
2.07080242891 10.5356412171 
2.06713827569 10.5558471129 
2.06293291751 10.5782423882 
2.05867376873 10.5996271884 
2.05398529716 10.6226271891 
2.04925855997 10.6449432955 
2.04418817872 10.6686398071 
2.03928366261 10.6906319134 
2.03401014788 10.7138898942 
2.02891867988 10.7353062056 
2.02352345887 10.7572247263 
2.0182174049 10.7775323214 
2.01252166299 10.7984189167 
2.00626088399 10.8209563325 
1.99978183158 10.8439444828 
1.9933411282 10.866296829 
1.98696778197 10.8876453184 
1.98024168974 10.9096747623 
1.97365886272 10.9303960851 
1.9664915364 10.9525625006 
1.95890216426 10.9759283962 
1.95149207514 10.9984060298 
1.94407173931 11.0204839428 
1.93642860686 11.0428929428 
1.94508430904 11.0179022371 
1.9264751071 11.05611992 
1.93235537162 11.0426414533 
1.91810566862 11.0666437699 
1.89266719078 11.1145189069 
1.91649144856 11.0761705496 
1.87880110164 11.1372714985 
1.87644197291 11.1401618358 
1.89631474004 11.1103658166 
1.9128816616 11.0932559464 
1.91545334633 11.0896923744 
1.90523488969 11.0950880459 
1.89248002031 11.101418654 
1.88558785965 11.1039661523 
1.89437431827 11.0992051231 
1.90682523763 11.0945700007 
1.86884413265 11.1026501428 
1.84291002464 11.1084601099 
1.81460292429 11.1151208656 
1.76911277838 11.1285356159 
1.77919720347 11.124468478 
1.74205198093 11.1327659905 
1.71280998343 11.1400724675 
1.67573363063 11.1508917486 
1.65641806741 11.1563085444 
1.63698997853 11.161418169 
1.61412840509 11.167361424 
1.5933639276 11.1724745806 
1.57147570093 11.1776839046 
1.5909374864 11.1727185929 
1.5485861045 11.1784284954 
1.51486257339 11.1843542823 
1.50709297426 11.1848258799 
1.49708295871 11.1852031313 
1.46529001071 11.1882176098 
1.45518281233 11.1883548533 
1.41008364029 11.1929482341 
1.37595933526 11.1979023949 
1.31722892164 11.2117148806 
1.31147316423 11.2122266419 
1.30992968959 11.2114921131 
1.29842105033 11.2120836543 
1.24184978251 11.2208550042 
1.23111751273 11.2219890633 
1.20755374513 11.2251232551 
1.18631663224 11.2276694486 
1.17460997398 11.2282737651 
1.15216471731 11.2297995443 
1.11776440403 11.2331043313 
1.11686227817 11.2321605618 
1.08235238509 11.2338083577 
1.034860271 11.2390471087 
1.0217973488 11.2399632085 
1.00764117136 11.2405073771 
0.979125620727 11.2423159529 
0.951805038407 11.2442786798 
0.9280638917 11.245894411 
0.904315660606 11.2474151163 
0.879367726247 11.2490149197 
0.856806470679 11.2502709112 
0.831847167399 11.2516706478 
0.808079266436 11.2529059128 
0.783113889626 11.2542058803 
0.75934331912 11.255345832 
0.734372469809 11.2565457767 
0.710597056637 11.2575905822 
0.68562163914 11.2586905125 
0.66184100384 11.2596400959 
0.638056520306 11.2604944443 
0.614269540672 11.261253654 
0.589282308291 11.2620536295 
0.565491933471 11.2627176249 
0.541699769958 11.263286418 
0.516707769958 11.263886418 
0.491714345782 11.2644864041 
0.467918240062 11.2649600012 
0.44292300012 11.265460006 
0.419127654459 11.265838408 
0.394131038434 11.2662384018 
0.369134038434 11.2666384018 
0.344137038434 11.2670384018 
0.320338115197 11.2673215994 
0.295339971211 11.2676216011 
0.270341115197 11.2679215994 
0.245342971211 11.2682216011 
0.221543980802 11.2684096003 
0.195345971211 11.2687216011 
0.171546980802 11.2689096003 
0.146547076796 11.2691095995 
0.121548884799 11.2693096011 
0.0965489863954 11.2695095995 
0.0727489095999 11.2696024 
0.0465503328015 11.2698096007 
0.0215504767963 11.2700095995 
-0.00224957136009 11.2701024 
-0.0272481614426 11.2702024003 
-0.0534480232037 11.2704095995 
-0.0772480904001 11.2705024 
-0.1022479952 11.2706024 
-0.1272479904 11.2707024 
-0.1522479904 11.2708024 
-0.1772479904 11.2709024 
-0.202247038401 11.2710024002 
-0.226047 11.271 
-0.2522469904 11.2711024 
-0.2772469904 11.2712024 
-0.301047 11.2712 
-0.3272469904 11.2713024 
-0.351047 11.2713 
-0.3772469904 11.2714024 
-0.401047 11.2714 
-0.426047 11.2714 
-0.4522469904 11.2715024 
-0.476047 11.2715 
-0.501047 11.2715 
-0.526047 11.2715 
-0.551047 11.2715 
-0.5748470096 11.2714024 
-0.601047 11.2714 
-0.6248470096 11.2713024 
-0.651047 11.2713 
-0.6748470096 11.2712024 
-0.698647076796 11.2710095995 
-0.724844913595 11.2709024004 
-0.748645076796 11.2707095995 
-0.773642884799 11.2705096011 
-0.797442115197 11.2702215994 
-0.822439971211 11.2699216011 
-0.846237038434 11.2695384018 
-0.871234038434 11.2691384018 
-0.895027760158 11.2686600108 
-0.917621940971 11.2680175967 
-0.94260692573 11.2673176532 
-0.965193520306 11.2664944443 
-0.988968564821 11.2655401535 
-1.01034238189 11.2644057505 
-1.03409948388 11.2630707983 
-1.05543826333 11.261594522 
-1.07676012288 11.2598615311 
-1.09685626714 11.2578849954 
-1.11688638675 11.2555879453 
-1.13687336583 11.2529686059 
-1.15561933526 11.2501023949 
-1.1742407077 11.2468654852 
-1.19041435141 11.2435119674 
-1.20750491016 11.239560211 
-1.22092914678 11.2357945434 
-1.23275708308 11.2318538207 
-1.24078762636 11.2284042978 
-1.2479573356 11.2247509858 
-1.26334673591 11.2174262862 
-1.27729783035 11.2101957183 
-1.2908213477 11.2026241879 
-1.30400188426 11.1946740777 
-1.31906634935 11.1851973841 
-1.33556988799 11.1744579005 
-1.35346966982 11.1625524808 
-1.36971615663 11.151297523 
-1.38531551883 11.1400261779 
-1.40259966502 11.1272806124 
-1.41911337948 11.1147248821 
-1.43419389225 11.1027584828 
-1.44959763982 11.0901256538 
-1.46390478877 11.0778633969 
-1.47900119025 11.0645335472 
-1.49329241998 11.0514061994 
-1.50819809132 11.0373329426 
-1.52169856218 11.0240193555 
-1.53551307157 11.0099343413 
-1.54717269765 10.9973126097 
-1.55985286564 10.9831095261 
-1.57220745683 10.9687016572 
-1.58361668342 10.9547172694 
-1.59527207077 10.9398599824 
-1.60624069888 10.925187367 
-1.61770971147 10.9093128697 
-1.62804372148 10.8942494596 
-1.63885260272 10.8779284879 
-1.64884204157 10.8620994596 
-1.65903327485 10.8453358328 
-1.66871526674 10.828681082 
-1.67816962794 10.8117093419 
-1.6872875011 10.7946002051 
-1.69617470318 10.7771661258 
-1.7051050576 10.758979169 
-1.71342246102 10.7412163367 
-1.7212093072 10.7236901284 
-1.72903211208 10.7052979123 
-1.73694910976 10.685993179 
-1.74416848996 10.667449125 
-1.75104531895 10.6488479798 
-1.75734991918 10.6306880056 
-1.76318951344 10.6126702607 
-1.76964074365 10.5921332175 
-1.77553627787 10.5723153948 
-1.78123677346 10.5521854068 
-1.78634957983 10.5328384831 
-1.79123724996 10.5131393125 
-1.79551820991 10.4942784532 
-1.80013120042 10.4730769139 
-1.80516382629 10.4496268133 
-1.81002847919 10.4264756885 
-1.81413800519 10.4055583651 
-1.81847992962 10.3828012467 
-1.82302005691 10.358779401 
-1.82691740535 10.3369634007 
-1.83006812322 10.3172418013 
-1.83291940069 10.2973501477 
-1.83554252418 10.2769546554 
-1.83837252153 10.2540442194 
-1.8422020175 10.2257051169 
-1.8462065312 10.1981324499 
-1.8493025427 10.175616891 
-1.85208116305 10.1537627051 
-1.85500252153 10.1301442194 
-1.85773207498 10.1070012572 
-1.86010827921 10.084959452 
-1.86241688603 10.0621722965 
-1.8646638909 10.0388177244 
-1.86672659729 10.0158205935 
-1.86858157792 9.99318448734 
-1.87029737317 9.97030767074 
-1.87191746975 9.94702052115 
-1.87336973653 9.92398998332 
-1.87469114152 9.90083063832 
-1.87588954465 9.87754204296 
-1.87695765789 9.85424804992 
-1.87788009592 9.83107000384 
-1.8787487055 9.80716286603 
-1.8794899115 9.78361715092 
-1.88010448938 9.76018275852 
-1.8806100155 9.7366289199 
-1.8810876535 9.71223877752 
-1.88150436616 9.6879607631 
-1.88180457298 9.66428031453 
-1.88206749447 9.63988018894 
-1.88257304437 9.61248874073 
-1.88328457298 9.58521959256 
-1.8840786388 9.55903056685 
-1.88499163632 9.5327221458 
-1.88605009592 9.50618000384 
-1.88727765789 9.47940804992 
-1.88849010192 9.45395905171 
-1.88943469915 9.43090060609 
-1.88955939568 9.41406041154 
-1.88920109916 9.39757955217 
-1.88845325466 9.37932135331 
-1.88741319743 9.35723170969 
-1.88687269519 9.3210698832 
-1.88770443813 9.28468012787 
-1.88911010192 9.25406905171 
-1.89055749279 9.22718418964 
-1.89085833432 9.21070944514 
-1.890730216 9.19374999974 
-1.89029003001 9.17440119988 
-1.8896086388 9.15252943315 
-1.88919159767 9.12200974083 
-1.88930405592 9.09185002109 
-1.88949866362 9.06613006584 
-1.88977749447 9.04017018894 
-1.89024649038 9.01313870571 
-1.89087350912 8.98634197082 
-1.89146357594 8.96134914005 
-1.89200263173 8.93683895748 
-1.89246528072 8.91268106139 
-1.8928128769 8.88900871006 
-1.89301161533 8.86581010221 
-1.89314470389 8.84177002634 
-1.89347306134 8.81473028596 
-1.89393645321 8.78817081758 
-1.89430465 8.76389052668 
-1.89470842336 8.73865869425 
-1.89547429012 8.71018984234 
-1.8965120088 8.68220346092 
-1.8974521784 8.65721895307 
-1.89830598064 8.632958097 
-1.89892429012 8.61024984234 
-1.89932077111 8.58801093419 
-1.89951269519 8.5657701168 
-1.89963405592 8.54197002109 
-1.90027800798 8.5116990422 
-1.9013521784 8.48227895307 
-1.90210746598 8.45885121438 
-1.90271457298 8.43565959256 
-1.90309645321 8.41330081758 
-1.9032377757 8.39142005599 
-1.90310405592 8.37013997891 
-1.90283019812 8.34707115817 
-1.90303058344 8.3160700889 
-1.90371926414 8.28627217805 
-1.90412862708 8.26319871477 
-1.90453033586 8.23868066151 
-1.9054160262 8.20925081234 
-1.90666067521 8.18043694604 
-1.90776044287 8.15546222126 
-1.90876966232 8.13120081861 
-1.90959022745 8.10801822668 
-1.91024443813 8.08507012787 
-1.91087142971 8.06091951698 
-1.91144357594 8.03664914005 
-1.91212448938 8.01081275852 
-1.91282429012 7.98545984234 
-1.91342228725 7.96130931245 
-1.91395263173 7.93715895748 
-1.91450257366 7.91216159662 
-1.91501492686 7.88752885402 
-1.91542436616 7.8636107631 
-1.91577109916 7.83945044783 
-1.91616652655 7.81409869729 
-1.91659232704 7.78874071109 
-1.91690613259 7.76482034495 
-1.91717882929 7.74042886643 
-1.91762232704 7.71375071109 
-1.91817739328 7.68743142874 
-1.91863304437 7.66315874073 
-1.91903033586 7.63888066151 
-1.91945236092 7.61376869514 
-1.91984839263 7.58901061428 
-1.92014306134 7.56509028596 
-1.92035161533 7.54117010221 
-1.92059382304 7.5159301327 
-1.92083382304 7.4909301327 
-1.92098614381 7.46689003932 
-1.92108239997 7.4426100096 
-1.92133383411 7.4159389804 
-1.92168774015 7.38974037727 
-1.92193622268 7.36570016872 
-1.92208614381 7.34190003932 
-1.92222470389 7.31714002634 
-1.92233290396 7.29250001278 
-1.922340024 7.26870000001 
-1.922300384 7.24429999939 
-1.9223506 7.2182200012 
-1.92249470389 7.19214002634 
-1.92256117599 7.16798000329 
-1.922590216 7.14346000026 
-1.92272405592 7.11726002109 
-1.92295161533 7.09118010221 
-1.92311693576 7.06678004716 
-1.92324405592 7.04226002109 
-1.92343866362 7.01654006584 
-1.92368383411 6.9909489804 
-1.92386866362 6.96655006584 
-1.92402614381 6.94191003932 
-1.92424058344 6.9163100889 
-1.92447269519 6.8910701168 
-1.92465866362 6.86655006584 
-1.92479470389 6.84215002634 
-1.92494539985 6.8170300324 
-1.92509539985 6.7920300324 
-1.92521345594 6.76739001659 
-1.92532290396 6.74251001278 
-1.9255077757 6.71667005599 
-1.92576499888 6.69083014999 
-1.92595959954 6.6664300768 
-1.92611614381 6.64191003932 
-1.92626539985 6.6170300324 
-1.92639405916 6.59227939687 
-1.92647153599 6.56788000492 
-1.926500216 6.54348000026 
-1.926510024 6.51872000001 
-1.92651 6.49384 
-1.92651 6.46884 
-1.92651 6.44384 
-1.92651 6.41884 
-1.92651 6.39384 
-1.92651 6.36884 
-1.92651 6.34384 
-1.92651 6.31884 
-1.92651 6.29385 
-1.92651 6.26887 
-1.92651 6.24393 
-1.92651 6.21906 
-1.92651 6.19434 
-1.92651 6.16991 
-1.92651 6.14604 
-1.92651 6.12114 
-1.92651 6.09621 
-1.92651 6.07136 
-1.92651 6.04659 
-1.92651 6.02174 
-1.92651 5.99685 
-1.92651 5.97204 
-1.92651 5.94734 
-1.92651 5.92263 
-1.92651 5.89792 
-1.92651 5.87333 
-1.92651 5.84885 
-1.92651 5.8244 
-1.92651 5.8 
-1.92651 5.75 
-1.92651 5.7 
