1.05 -2.00309 
1.05 -1.97809 
1.05 -1.95309 
1.05 -1.92809 
1.05 -1.90309 
1.05 -1.87809 
1.05 -1.85309 
1.05 -1.82809 
1.05 -1.80309 
1.05 -1.77809 
1.05 -1.75309 
1.05 -1.72809 
1.05 -1.70309 
1.05 -1.67809 
1.05 -1.65309 
1.05 -1.62809 
1.05 -1.60309 
1.05 -1.57809 
1.05 -1.55309 
1.05 -1.52809 
1.05 -1.50309 
1.05 -1.47809 
1.05 -1.45309 
1.05 -1.42809 
1.05 -1.40309 
1.05 -1.37809 
1.05 -1.35309 
1.05 -1.32809 
1.05 -1.30309 
1.05 -1.27809 
1.05 -1.25309 
1.05 -1.22809 
1.05 -1.20309 
1.05 -1.17809 
1.05 -1.15309 
1.05 -1.12809 
1.05 -1.10309 
1.05 -1.07809 
1.05 -1.05309 
1.05 -1.02809 
1.05 -1.00309 
1.05 -0.978091 
1.05 -0.953091 
1.05 -0.928091 
1.05 -0.903091 
1.05 -0.878091 
1.05 -0.853091 
1.05 -0.828091 
1.05 -0.803091 
1.05 -0.778091 
1.05 -0.753091 
1.05 -0.728091 
1.05 -0.703091 
1.05 -0.678091 
1.05 -0.653091 
1.05 -0.628091 
1.05 -0.603091 
1.05 -0.578091 
1.05 -0.553091 
1.05 -0.528091 
1.05 -0.503091 
1.05 -0.478091 
1.04999899976 -0.453079 
1.049999 -0.428091 
1.049999 -0.403091 
1.049999 -0.378091 
1.049999 -0.353091 
1.049999 -0.328091 
1.04999699904 -0.303067 
1.049997 -0.278091 
1.049997 -0.253091 
1.04999599976 -0.228079 
1.04999399904 -0.203067 
1.049994 -0.178091 
1.04999299976 -0.153079 
1.04999099904 -0.128067 
1.04998799784 -0.103055 
1.04998699976 -0.078079199904 
1.04998299616 -0.0530432000006 
1.04997899616 -0.0280432000006 
1.049973994 -0.0030312099772 
1.04996999616 0.0219567999802 
1.04996399136 0.0469807999979 
1.04995598464 0.0720047999951 
1.04994698056 0.097016799993 
1.04993496544 0.122052998831 
1.04992195944 0.147064999979 
1.04990593856 0.172100999961 
1.049885904 0.197148999923 
1.04986085 0.22220899985 
1.04983179816 0.247256999766 
1.04979873864 0.272304999655 
1.04975555624 0.297424999237 
1.0497054 0.3225089988 
1.04964204744 0.3476649976 
1.04956872105 0.372784996265 
1.04947805602 0.397988993002 
1.04936920068 0.423204987907 
1.04923581833 0.448492977921 
1.04907600786 0.473803113819 
1.04888224494 0.499198933111 
1.04864830379 0.524665993595 
1.04836218276 0.550264058052 
1.04801674497 0.575946794354 
1.04759843769 0.601771942141 
1.04708912953 0.627786277571 
1.04647087691 0.653990997085 
1.04578384591 0.679858049119 
1.04487922012 0.706956536204 
1.04385454278 0.733473564129 
1.04125521532 0.673762431349 
1.04672125143 0.694666758203 
1.05263380772 0.716657829953 
1.05849441562 0.737476919499 
1.06475446341 0.759045604049 
1.0708612994 0.778985603997 
1.07751200469 0.80001710548 
1.08124938309 0.808916585097 
1.08898421733 0.828867823794 
1.09677275317 0.848122558833 
1.10485402438 0.867334028343 
1.11214665811 0.883381841582 
1.12112291908 0.90271316084 
1.12746446026 0.91465362969 
1.13732172306 0.933305535084 
1.14721967393 0.951372887635 
1.15686361581 0.968172163912 
1.16549906261 0.982112825566 
1.17534840767 0.997333685308 
1.18699713981 1.01495606211 
1.19570193749 1.02693031383 
1.20813863666 1.043945329 
1.22053745264 1.06038360205 
1.23285073376 1.07613721151 
1.24427278184 1.08999123342 
1.25720242361 1.10522880603 
1.27012451361 1.11989480935 
1.28332116338 1.13433621794 
1.29624748616 1.14787341995 
1.30994510068 1.1617253078 
1.32356758174 1.17494343804 
1.33693692527 1.18731543999 
1.350043045 1.19881529587 
1.3648709221 1.21142212316 
1.37901678253 1.22286844543 
1.39180793058 1.23251663841 
1.40799905418 1.24448170417 
1.42407902682 1.25592543224 
1.43760524464 1.26485730802 
1.45460352783 1.2758445644 
1.47165215618 1.2864683865 
1.47980863104 1.29050836018 
1.49807305821 1.30026027918 
1.51774900721 1.31055463624 
1.53688065319 1.32026871666 
1.55548063476 1.32936870745 
1.55966672862 1.33029802252 
1.5810792687 1.33886182707 
1.60254714843 1.34728725996 
1.62383136159 1.35545849726 
1.64451973422 1.36316391586 
1.64776287651 1.36328171078 
1.66927193259 1.3693485444 
1.69182172043 1.37558766939 
1.71261871181 1.38106487255 
1.73185087194 1.38574712382 
1.75366300612 1.39089954187 
1.77481935702 1.39564285651 
1.79685970197 1.40040519488 
1.81869120223 1.40491419513 
1.83655964498 1.40811193571 
1.85665316214 1.41144082851 
1.87788606164 1.41472100978 
1.89867395647 1.41764210183 
1.92045462758 1.42049085344 
1.93978361325 1.42261794527 
1.96272027372 1.42504742248 
1.98401027631 1.42702706095 
2.007351683 1.42909374502 
2.02797128949 1.43059262327 
2.05254319283 1.43238626519 
2.07687768097 1.43411267602 
2.10145947885 1.43582746975 
2.12604118698 1.43751268814 
2.15074227661 1.43918640316 
2.17794929075 1.44122940515 
2.20204514156 1.44297694442 
2.22710319283 1.44480626519 
2.25096005813 1.44645916201 
2.27482697627 1.44802600119 
2.29870141376 1.44950724301 
2.32269475202 1.45091934499 
2.34669422505 1.4522537414 
2.37070355141 1.45351233348 
2.39494923926 1.45472519658 
2.41896146263 1.45584878462 
2.44333726123 1.4569410844 
2.46735918139 1.45793966232 
2.49174018533 1.45890532363 
2.51588135331 1.45979325466 
2.54026202762 1.46064178164 
2.56344987213 1.46130443813 
2.58784711423 1.461957678 
2.61044125927 1.46237304437 
2.63507918242 1.46280645321 
2.65971130649 1.46321036815 
2.68422951381 1.4635728506 
2.7071899232 1.46374959954 
2.73182995284 1.46391693576 
2.75479 1.46391 
2.77990999999 1.463920024 
2.80490999999 1.463930024 
2.82979 1.46393 
2.85490999999 1.463940024 
2.87979 1.46394 
2.90479 1.46394 
2.92990999999 1.463950024 
2.95479 1.46395 
2.97979 1.46395 
3.00479 1.46395 
3.02979 1.46395 
3.05490999999 1.463960024 
3.07979 1.46396 
3.10479 1.46396 
3.12979 1.46396 
3.15479 1.46396 
3.17979 1.46396 
3.20479 1.46396 
3.22979 1.46396 
3.25479 1.46396 
3.27990999999 1.463970024 
3.30479 1.46397 
3.32979 1.46397 
3.35479 1.46397 
3.37979 1.46397 
3.40479 1.46397 
3.42979 1.46397 
3.45479 1.46397 
3.47979 1.46397 
3.50479 1.46397 
3.52979 1.46397 
3.55479 1.46397 
3.57979 1.46397 
3.60479 1.46397 
3.62979 1.46397 
3.65479 1.46397 
3.67979 1.46397 
3.70479 1.46397 
3.72979 1.46397 
3.75479 1.46397 
3.77979 1.46397 
3.80479 1.46397 
3.82979 1.46397 
3.85479 1.46397 
3.87979 1.46397 
3.90479 1.46397 
3.92979 1.46397 
3.95479 1.46397 
3.97979 1.46397 
4.00479 1.46397 
4.02979 1.46397 
4.05479 1.46397 
4.07979 1.46397 
4.10479 1.46397 
4.12979 1.46397 
4.15479 1.46397 
4.17979 1.46397 
4.20479 1.46397 
4.22979 1.46397 
4.25479 1.46397 
4.27979 1.46397 
4.30479 1.46397 
4.32979 1.46397 
4.35479 1.46397 
4.37967000001 1.463960024 
4.40479 1.46396 
4.42979 1.46396 
4.45479 1.46396 
4.47979 1.46396 
4.50479 1.46396 
4.52967000001 1.463950024 
4.55479 1.46395 
4.57967000001 1.463940024 
4.60467000001 1.463930024 
4.62967000001 1.463920024 
4.65467000001 1.463910024 
4.67955000008 1.463890096 
4.70443000026 1.463860216 
4.72943000026 1.463830216 
4.75431000061 1.463790384 
4.77907000207 1.463730864 
4.80383000492 1.46365153599 
4.82847001278 1.46354290396 
4.85323002109 1.46341405592 
4.87751006584 1.46322866362 
4.9019101327 1.46299382304 
4.9259387783 1.46268459265 
4.94974071109 1.46228232704 
4.97304899823 1.46175529589 
4.99588033884 1.46107144277 
5.01809945335 1.46019592228 
5.03923204296 1.45907954465 
5.05924826333 1.45767452203 
5.07778963392 1.45594591233 
5.09445991619 1.45387928489 
5.11118301612 1.45134998573 
5.12920728396 1.44825410402 
5.14500587988 1.44499015092 
5.1608358181 1.44124170324 
5.1740431984 1.43747740884 
5.18727346664 1.4331812372 
5.19857956506 1.42885877916 
5.20640734399 1.42509753131 
5.23034069635 1.41515575377 
5.25626299058 1.40467264119 
5.28327196791 1.39415357484 
5.30870096329 1.38448253514 
5.33540776822 1.37466391638 
5.35866631906 1.36611157686 
5.37786844831 1.35869394638 
5.39452767188 1.35175434005 
5.41257036941 1.34390398971 
5.42845322923 1.33646190691 
5.44484705744 1.32835313373 
5.46229753521 1.31936611574 
5.47845532558 1.3105583807 
5.49464853135 1.30128979511 
5.50914899335 1.29241461669 
5.52604989459 1.2817759885 
5.54212721752 1.27120164202 
5.55782331756 1.26042020636 
5.5732393122 1.2493669101 
5.5882914323 1.23809192574 
5.60341658609 1.22630724409 
5.61684525615 1.21522966529 
5.63221733175 1.20221938608 
5.64683163321 1.18936185409 
5.66040990283 1.17684989373 
5.67470656573 1.16324581548 
5.68830435043 1.1497739556 
5.70080353771 1.13676373572 
5.71394543999 1.12260307473 
5.7264969142 1.1084982776 
5.73778264266 1.09510521479 
5.74990908219 1.08021105801 
5.76157115255 1.06527234013 
5.77085772571 1.05244569829 
5.78260079802 1.03592343427 
5.79363893157 1.01975926646 
5.79670865312 1.01358722129 
5.8083948479 0.993827360006 
5.8197890562 0.974211777817 
5.83060905408 0.955126996197 
5.83211945518 0.950439382027 
5.84216420985 0.929311028068 
5.85217471945 0.907991611477 
5.86189302938 0.886957530992 
5.87153437044 0.86577279358 
5.87568595115 0.854704687542 
5.88415518702 0.833283880455 
5.89268262492 0.811401648302 
5.90130089981 0.789059835562 
5.90980199574 0.766768657791 
5.91832235916 0.744226355413 
5.92710369618 0.72096517047 
5.93473249303 0.700130648204 
5.94254212197 0.67839813161 
5.95051951135 0.655936484294 
5.95863334304 0.632945709204 
5.97353346868 0.595669424973 
5.98244323856 0.573704125633 
5.99154923657 0.551120337557 
6.00078768891 0.528155633559 
6.01040446563 0.504393854914 
6.02037880357 0.480049132543 
6.03840490224 0.441333967663 
6.04985232837 0.417753159449 
6.06159709302 0.393881569193 
6.07389711401 0.369371495623 
6.09278913359 0.335119888646 
6.10653220652 0.311164157886 
6.12073656031 0.286970383619 
6.13545986486 0.262544597878 
6.15414069599 0.233444193723 
6.17025574701 0.209256808007 
6.18703871366 0.184872433062 
6.20417170632 0.160774365199 
6.22398597197 0.134317373672 
6.24227635936 0.110789192423 
6.26082246998 0.0876814590564 
6.28158174229 0.062985377616 
6.30114633268 0.0405170838093 
6.32149877845 0.01795934006 
6.34403424134 -0.00582439675484 
6.36496986492 -0.0271376496902 
6.38675203853 -0.0485253490108 
6.41103610316 -0.0711762534859 
6.43325204103 -0.0911498723766 
6.45816402776 -0.112479019229 
6.48166607775 -0.131816099238 
6.50540153703 -0.150649493844 
6.53065081623 -0.169813675322 
6.55544362586 -0.187879181992 
6.58116054794 -0.205812312112 
6.60638488397 -0.222719103557 
6.63210810291 -0.239277860608 
6.65924988039 -0.255915596713 
6.68541020663 -0.271286355028 
6.71294545207 -0.286691808594 
6.7399063996 -0.301104556236 
6.76797582862 -0.315357938384 
6.79502613059 -0.328496430849 
6.82255927497 -0.341272865737 
6.85088585871 -0.353751124072 
6.879001178 -0.365519290763 
6.90813386368 -0.377015207518 
6.93554622277 -0.38734741055 
6.96396151251 -0.397514600507 
6.99214096504 -0.40708888115 
7.02141253561 -0.416431311478 
7.05047032587 -0.425132622676 
7.08057892515 -0.433486974461 
7.11019310864 -0.441101823535 
7.1401298256 -0.448192694324 
7.17033291275 -0.454724075511 
7.20161747041 -0.460762779977 
7.23226713557 -0.466020500274 
7.2635025347 -0.470684788671 
7.29454353206 -0.474651048017 
7.32869025044 -0.478013341783 
7.35852536622 -0.480370676339 
7.38892881524 -0.482225585504 
7.41857278429 -0.483558531387 
7.4473707493 -0.48447583859 
7.47765036087 -0.484928069627 
7.50809798382 -0.484832601418 
7.53860891542 -0.48417651016 
7.56742335866 -0.483165495499 
7.59914905564 -0.481383277893 
7.63194994912 -0.478696402162 
7.66324011498 -0.475423356295 
7.69565761388 -0.471216202895 
7.72635360937 -0.466568490011 
7.75603931048 -0.461540032103 
7.78760478006 -0.455455365919 
7.82182892993 -0.447735031527 
7.85808761721 -0.438031181208 
7.88748334053 -0.429401460669 
7.91763041872 -0.419842959786 
7.94760622526 -0.40959958277 
7.97720557036 -0.398757611188 
8.00656548497 -0.387273008674 
8.03024269596 -0.377908209629 
8.06019171176 -0.365289471865 
8.09018501859 -0.351718947449 
8.1191673572 -0.337743032819 
8.14788098192 -0.323031791425 
8.18419954914 -0.302182536944 
8.2168946704 -0.281207163351 
8.23783728648 -0.26752552182 
8.25932481678 -0.25341699101 
8.28618343185 -0.234904900628 
8.30409372573 -0.222801527745 
8.29941035412 -0.227148682164 
8.35775715673 -0.187765298599 
8.37708251553 -0.173390460767 
8.39606591156 -0.159412218658 
8.41874527806 -0.142332625107 
8.44739957508 -0.119196173221 
8.46814381666 -0.102011886465 
8.48944920426 -0.0840237535206 
8.50992956697 -0.0664928114641 
8.53321277277 -0.045794828332 
8.5485846328 -0.0325504190195 
8.5769255361 -0.00610851083116 
8.6006257019 0.0175022238103 
8.62303748616 0.0410034199544 
8.64472694235 0.0648848596689 
8.66601797732 0.0895415340762 
8.68625727425 0.114113378311 
8.70611098157 0.139413747017 
8.72517066595 0.164883971343 
8.74416199707 0.191654678766 
8.76268743645 0.219344358469 
8.77943729211 0.245608988996 
8.79498846816 0.270900334796 
8.81658311802 0.310649793746 
8.82856293263 0.333695831175 
8.84097194313 0.358004129814 
8.85368599578 0.383641032217 
8.86593522111 0.409025066297 
8.88459559068 0.454702405906 
8.89379577659 0.478755201208 
8.9031219132 0.503482065042 
8.91232429803 0.528231375958 
8.92147932836 0.553273706952 
8.93072184001 0.579217652374 
8.94382967035 0.623595313313 
8.95095322134 0.650016363667 
8.95760670031 0.675009151959 
8.96460885916 0.702472679266 
8.97153226178 0.73149500187 
8.97767553147 0.758374088012 
8.98355882791 0.785084415255 
8.98930500716 0.812419175887 
8.99490897613 0.840922547871 
9.00020714134 0.870330511097 
9.00492793752 0.898590012861 
9.00933766843 0.927387658954 
9.01329526582 0.955258689841 
9.01702372539 0.984613240999 
9.02023287743 1.01173320053 
9.02323586875 1.03897935526 
9.02601536832 1.0660104749 
9.02859783531 1.09294403182 
9.03099531755 1.11987775294 
9.03320572772 1.14791642179 
9.03514305558 1.17454485844 
9.03691267096 1.20213046706 
9.03847106999 1.22853229275 
9.03987629904 1.25576557441 
9.04111558055 1.28193879115 
9.04222021631 1.30884039949 
9.04320346129 1.33467366994 
9.044078496 1.36120742327 
9.04485498314 1.38704045069 
9.04553857029 1.41322951698 
9.04615363731 1.4388320727 
9.04668754554 1.4648988256 
9.04716699805 1.49038099644 
9.04758157664 1.51620869425 
9.0479571494 1.54157048619 
9.04828542702 1.56717031453 
9.04857981804 1.59253023411 
9.04883500112 1.61801014999 
9.04906729464 1.64323901249 
9.04926133638 1.66872006584 
9.0494422243 1.69384005599 
9.04959460015 1.7192000324 
9.04973529611 1.74432002634 
9.04985654406 1.76956001659 
9.04996709604 1.79468001278 
9.05005805602 1.819920007 
9.05014805602 1.844920007 
9.05021882401 1.87016000329 
9.05028882401 1.89516000329 
9.0503394 1.9204000012 
9.050399136 1.94528000207 
9.050439616 1.97052000061 
9.050479616 1.99552000061 
9.050509784 2.02064000026 
9.050549616 2.04552000061 
9.050569904 2.07076000008 
9.050599784 2.09564000026 
9.050619904 2.12076000008 
9.050639904 2.14576000008 
9.050649976 2.17088000001 
9.050669904 2.19576000008 
9.050679976 2.22088000001 
9.050689976 2.24588000001 
9.050699976 2.27088000001 
9.050709976 2.29588000001 
9.050719976 2.32088000001 
9.05072 2.346 
9.050729976 2.37088000001 
9.05073 2.396 
9.050739976 2.42088000001 
9.05074 2.446 
9.050749976 2.47088000001 
9.05075 2.496 
9.05075 2.521 
9.05075 2.546 
9.050759976 2.57088000001 
9.05076 2.596 
9.05076 2.621 
9.05076 2.646 
9.05076 2.671 
9.05076 2.696 
9.05076 2.721 
9.05076 2.746 
9.05076 2.771 
9.050769976 2.79588000001 
9.05077 2.821 
9.05077 2.846 
9.05077 2.871 
9.05077 2.896 
9.05077 2.921 
9.05077 2.946 
9.05077 2.971 
9.05077 2.996 
9.05077 3.021 
9.05077 3.046 
9.05077 3.071 
9.05077 3.096 
9.05077 3.121 
9.05077 3.146 
9.05077 3.171 
9.05077 3.196 
9.05077 3.221 
9.05077 3.246 
9.05077 3.271 
9.05077 3.296 
9.05077 3.321 
9.05077 3.346 
9.05077 3.371 
9.05077 3.396 
9.05077 3.421 
9.05077 3.446 
9.05077 3.471 
9.05077 3.496 
9.05077 3.521 
9.05077 3.546 
9.05077 3.571 
9.05077 3.596 
9.05077 3.621 
9.05077 3.646 
9.05077 3.671 
9.05077 3.696 
9.05077 3.721 
9.05077 3.746 
9.05077 3.771 
9.05077 3.796 
9.05077 3.821 
9.05077 3.846 
9.05077 3.871 
9.05077 3.896 
9.05077 3.921 
9.05077 3.946 
9.05077 3.971 
9.05077 3.996 
9.05077 4.021 
9.05077 4.046 
9.05077 4.071 
9.05077 4.096 
9.05077 4.121 
9.05077 4.146 
9.05077 4.171 
9.05077 4.196 
9.05077 4.221 
9.05077 4.246 
9.05077 4.271 
9.05077 4.296 
9.05077 4.321 
9.05077 4.346 
9.05077 4.371 
9.05077 4.396 
9.05077 4.421 
9.05077 4.446 
9.05077 4.471 
9.05077 4.496 
9.05077 4.521 
9.050779976 4.54588000001 
9.05078 4.571 
9.05078 4.596 
9.05078 4.621 
9.050789976 4.64588000001 
9.05079 4.671 
9.05079 4.696 
9.050799976 4.72088000001 
9.050809976 4.74588000001 
9.050819976 4.77088000001 
9.05082 4.796 
9.050839904 4.82076000008 
9.050849976 4.84588000001 
9.050869904 4.87076000008 
9.050889904 4.89576000008 
9.050909904 4.92076000008 
9.050939784 4.94564000026 
9.050979616 4.97052000061 
9.051019616 4.99552000061 
9.05111760003 5.0198000096 
9.05119846401 5.04504000492 
9.0512494 5.0704000012 
9.051269904 5.09576000008 
9.0512194 5.1215999988 
9.051159136 5.14671999793 
9.051119616 5.17147999939 
9.051079616 5.19647999939 
9.051039616 5.22147999939 
9.051009784 5.24635999974 
9.050979784 5.27135999974 
9.050949784 5.29635999974 
9.050929904 5.32123999992 
9.050909904 5.34623999992 
9.050889904 5.37123999992 
9.050869904 5.39623999992 
9.050859976 5.42111999999 
9.050839904 5.44623999992 
9.050829976 5.47111999999 
9.050809904 5.49623999992 
9.050799976 5.52111999999 
9.050779904 5.54623999992 
9.050769976 5.57111999999 
9.050749904 5.59623999992 
9.050729904 5.62123999992 
9.050709904 5.64623999992 
9.050679784 5.67135999974 
9.050649784 5.69635999974 
9.050619784 5.72135999974 
9.050579616 5.74647999939 
9.050539616 5.77147999939 
9.050479136 5.79671999793 
9.05040882401 5.82183999671 
9.05032846401 5.84695999508 
9.05023805602 5.872079993 
9.05011654406 5.89743998341 
9.04997529611 5.92267997366 
9.04980306424 5.94803995284 
9.04958941656 5.9735199111 
9.04933500112 5.99899985001 
9.04564058052 5.94273916172 
9.05140677729 5.96321529511 
9.05724153744 5.98272468504 
9.06360275446 6.00315155735 
9.06987664014 6.02209439328 
9.07673903261 6.041993158 
9.08086609083 6.05133554165 
9.08904920167 6.07105033039 
9.09685217018 6.08882213001 
9.10556602872 6.10807117756 
9.11419113146 6.12629888373 
9.12037885892 6.13765017499 
9.13027893631 6.15596135009 
9.14034068681 6.17392845784 
9.15039540348 6.19117328185 
9.15783679568 6.20253570325 
9.16923898763 6.21997458543 
9.17930658323 6.23446172725 
9.19159700836 6.25183446106 
9.20227567151 6.26607351741 
9.2127771391 6.27926653979 
9.22679256556 6.29678393505 
9.23497980721 6.30575272651 
9.25080336273 6.32376973469 
9.26607705645 6.34091701242 
9.2732860444 6.34769435043 
9.29132064455 6.36609856218 
9.3083260444 6.38336435043 
9.31378648913 6.38753614038 
9.33429021584 6.40630885269 
9.35069047394 6.42102286564 
9.36176565826 6.43002929972 
9.38235022075 6.44745516016 
9.39849162713 6.46071518645 
9.41725073966 6.47608790504 
9.43627754772 6.49163523869 
9.45228547081 6.50426571986 
9.47706547777 6.52475732899 
9.488846473 6.53367034553 
9.51035084168 6.5506054866 
9.53786819615 6.57370390491 
9.55266597217 6.58569173793 
9.57209474385 6.60153966529 
9.5907875305 6.61668837088 
9.61886459589 6.64107022609 
9.63674541408 6.65666963496 
9.66608242917 6.68450548746 
9.68275690903 6.70042417398 
9.70072420595 6.71756703443 
9.72659451254 6.74395757083 
9.74424832479 6.76225161654 
9.7627900326 6.78169856009 
9.78733977391 6.80923540411 
9.80492165665 6.82944638552 
9.82317779651 6.85086444425 
9.84570175767 6.87906282231 
9.86288382888 6.90126477029 
9.88234352418 6.92766741933 
9.89986352803 6.95242456491 
9.91656392206 6.97682146242 
9.93423527918 7.00395480023 
9.95011708168 7.02932054873 
9.96702978899 7.05792252177 
9.9818851311 7.08417965978 
9.99715854075 7.11270013736 
10.0109627647 7.13969406289 
10.024900689 7.16852605171 
10.0378182936 7.19671989429 
10.0502221844 7.22532630551 
10.0622773588 7.25496299058 
10.0733876071 7.28399612636 
10.0842435897 7.31452578326 
10.0940592735 7.34412047519 
10.103345027 7.37428846521 
10.1119541905 7.40458036526 
10.1201555159 7.43652633384 
10.1272262395 7.46673159124 
10.1338258049 7.49817879777 
10.1395985799 7.52899470958 
10.1447186961 7.55993327612 
10.1492130595 7.59152096987 
10.1530153901 7.62439490184 
10.1559226711 7.65578156586 
10.158150838 7.68695994187 
10.159697834 7.71900781615 
10.160426998 7.75205099644 
10.1603776 7.7838899904 
10.1595085572 7.81655966116 
10.1579501358 7.84812414163 
10.1556773767 7.87977128949 
10.1526935195 7.9113725947 
10.1489465527 7.94316078939 
10.1445083836 7.97463124744 
10.1392103372 8.00658318745 
10.1333389158 8.03763936473 
10.1266797071 8.06890562425 
10.1193925182 8.09971494161 
10.1113421478 8.13058475937 
10.1025533898 8.16134097798 
10.0926602484 8.19283737224 
10.0822424952 8.22334841774 
10.0712648843 8.25322959897 
10.0594376584 8.28319906862 
10.0471023801 8.31247645934 
10.0338658379 8.34190734183 
10.020210689 8.37051394829 
10.0056594655 8.39922972736 
9.99103972082 8.42664305821 
9.97610905781 8.4533994721 
9.96154169064 8.47863519255 
9.94494721031 8.50599050039 
9.92846902869 8.53197027764 
9.91175091182 8.5573037132 
9.89424032444 8.58275331601 
9.87468352418 8.60965258067 
9.84912476131 8.64159754772 
9.83079318132 8.66352591863 
9.81080331579 8.68660419072 
9.78122062913 8.71757020177 
9.76231025244 8.73664999679 
9.74255944225 8.75621912955 
9.71278916834 8.7833490695 
9.69271568646 8.8010837924 
9.6729478265 8.81839609693 
9.6467027306 8.84018331658 
9.62592073672 8.85709238332 
9.60554263521 8.87353608161 
9.58565421438 8.88952499976 
9.56404108003 8.90661339291 
9.54327571369 8.92286896837 
9.52941015385 8.93435673218 
9.50783130157 8.95176197843 
9.48729282105 8.96817108942 
9.47681143273 8.97745842736 
9.45675354793 8.99456761292 
9.43766430506 9.01083812116 
9.41932729458 9.02655850959 
9.40907935398 9.03627761216 
9.39150612388 9.0525965955 
9.38151177715 9.06283186717 
9.36536912602 9.0791588146 
9.34946503758 9.09548465954 
9.33967710553 9.10649916095 
9.32496194364 9.12300280759 
9.31077036504 9.13929541408 
9.30104974826 9.15140708971 
9.28797805845 9.1678606621 
9.27803057221 9.1812753854 
9.26563072648 9.19826443841 
9.2539939936 9.21477867553 
9.24373234224 9.23010482953 
9.23270408041 9.24707961502 
9.22317059111 9.26258898262 
9.2128265691 9.27994393227 
9.20306299167 9.29702723599 
9.1944328574 9.31302790316 
9.18530554347 9.33059199428 
9.17690559844 9.34761765016 
9.16846579015 9.36546897193 
9.16129019267 9.38175027446 
9.15349788389 9.40012777134 
9.14631568088 9.41804016954 
9.13922605362 9.43660155169 
9.13299551319 9.45410558659 
9.12656137668 9.47307364005 
9.12057359138 9.49183150042 
9.11513144623 9.51015244772 
9.10996668079 9.52880227693 
9.10533566099 9.5470263042 
9.10099408625 9.56560991516 
9.09713436471 9.58390161205 
9.09346892021 9.60294541084 
9.08963322201 9.62403229671 
9.08591110192 9.64569226891 
9.08247355321 9.66712218565 
9.07918433865 9.68895763052 
9.07632073618 9.70988181743 
9.07334260546 9.73264214559 
9.0705756891 9.75515837263 
9.06792836984 9.77796330201 
9.06548474007 9.80053486109 
9.06312536832 9.8235995251 
9.06094783531 9.84644596818 
9.05886340271 9.86966940651 
9.05684923946 9.89325907989 
9.05501751332 9.91638139151 
9.05341882757 9.93891706147 
9.0518755998 9.96230434 
9.05054106999 9.98509770725 
9.04922252645 10.0089812455 
9.04805510319 10.0323932498 
9.04683756187 10.057142168 
9.0457149858 10.0812607624 
9.04455757653 10.1062050396 
9.04335071245 10.1315638499 
9.0420946502 10.1570012297 
9.04072269633 10.1830179664 
9.03930398586 10.208734828 
9.03783649452 10.2343005738 
9.03620505703 10.2606643535 
9.03423638941 10.2883911957 
9.03207600582 10.3156803571 
9.02949019652 10.3441554397 
9.02656245852 10.372618809 
9.02294009359 10.4027643662 
9.01877581301 10.4328708537 
9.01348817715 10.4652196962 
9.00737914731 10.4973762581 
8.99926573853 10.5330828887 
8.9901302932 10.5674896663 
8.98200079118 10.5958922275 
8.97434082771 10.6218835442 
8.96536249408 10.6506385181 
8.95659202323 10.6775967605 
8.9464569062 10.706877236 
8.93627741972 10.7348002472 
8.92504535841 10.7638265151 
8.91489709107 10.7893064911 
8.90242116842 10.818796237 
8.89029438685 10.8461091127 
8.87727055499 10.8740240311 
8.86263368798 10.9034526292 
8.85022815643 10.9277594306 
8.83527192186 10.9556587724 
8.82048671577 10.9820644389 
8.8031056761 11.0112018462 
8.78876276071 11.0346136645 
8.77351985316 11.0588598604 
8.75545201293 11.0861546586 
8.73886658323 11.1103382727 
8.72011312893 11.1364140848 
8.70313342138 11.1593542775 
8.68414749563 11.1840092908 
8.66561785919 11.2072618998 
8.64702220502 11.2299111822 
8.62709860085 11.2532902507 
8.60780782047 11.2752613591 
8.58758174608 11.2975450489 
8.56599982999 11.320356413 
8.54481699696 11.3419437408 
8.52379080213 11.3627227169 
8.5004519338 11.384779905 
8.47808256686 11.4051448638 
8.45445361448 11.4257816566 
8.43031730049 11.4459646822 
8.40621992494 11.4653075023 
8.3823682876 11.4837750628 
8.36844368118 11.4951538585 
8.33952485298 11.5170863171 
8.31064311998 11.5374296799 
8.2891143416 11.5523088887 
8.26045080978 11.5710128184 
8.22994586968 11.5894548974 
8.2018523175 11.6054224451 
8.163879736 11.6245994612 
8.13891522813 11.6365691569 
8.11274284852 11.6487188739 
8.08620563499 11.6606054654 
8.05954650379 11.6721197633 
8.00830842409 11.6899829597 
7.98432944229 11.6976273032 
7.95703218697 11.7059942774 
7.93289110264 11.7133556709 
7.90662198353 11.7211466965 
7.88022847138 11.7287391134 
7.85369597548 11.7361295745 
7.81005024011 11.7458891324 
7.78310869485 11.7512834281 
7.75498856718 11.7565725239 
7.7279494889 11.7614171413 
7.7008595618 11.7660412843 
7.67260726131 11.7705259697 
7.64548822872 11.7745949767 
7.61830966845 11.7784469117 
7.58996187904 11.7821294258 
7.5639008969 11.785387052 
7.53550697683 11.7886105481 
7.50942197815 11.7914461395 
7.48216559597 11.7941956687 
7.45606373286 11.7967150046 
7.42877316857 11.7991358625 
7.40266165127 11.8013395872 
7.37652031179 11.8034392365 
7.34920440948 11.8054210713 
7.32306173667 11.807205478 
7.29690904007 11.8088850311 
7.27076356506 11.8104592988 
7.24460051612 11.8119292017 
7.21842761811 11.8132942495 
7.19226068088 11.814554168 
7.16607777874 11.8157095571 
7.13989999616 11.8167599041 
7.11372163852 11.8177054779 
7.08752892421 11.8185463951 
7.06253892421 11.8193463951 
7.03515080596 11.8200135682 
7.01136006653 11.8206823751 
6.98397119988 11.82123997 
6.95896880036 11.821740018 
6.93396880036 11.822240018 
6.90778130575 11.8226615766 
6.88277938572 11.8230616074 
6.85657974083 11.8233784023 
6.83277938572 11.8237616074 
6.8053908835 11.8239903928 
6.78158974083 11.8242784023 
6.7553899232 11.8244904005 
6.73158974083 11.8247784023 
6.7053899232 11.8249904005 
6.6791899904 11.8250976 
6.6553899232 11.8252904005 
6.6291899904 11.8253976 
6.6053899232 11.8255904005 
6.5791899904 11.8256976 
6.5541899904 11.8257976 
6.5291899904 11.8258976 
6.5041899904 11.8259976 
6.47799 11.826 
6.4541899904 11.8260976 
6.42799 11.8261 
6.40299 11.8261 
6.37799 11.8261 
6.3517900096 11.8259976 
6.32799 11.826 
6.3005900768 11.8257904005 
6.2767900096 11.8256976 
6.2505991165 11.8254903928 
6.22440025917 11.8251784023 
6.19940025917 11.8248784023 
6.17320061428 11.8244616074 
6.14700880012 11.82393997 
6.11961993347 11.8231823751 
6.09343107579 11.8223463951 
6.06605000384 11.8212599041 
6.03748238189 11.8197942495 
6.01012643494 11.8181592988 
5.97920968821 11.8157392365 
5.95070562933 11.8131272983 
5.91867829885 11.8094745654 
5.88672369858 11.80504456 
5.85133129297 11.7989208562 
5.81725213611 11.7918369754 
5.78218914364 11.7832222868 
5.74394196701 11.7719352533 
5.70599756007 11.7586267486 
5.66511132213 11.7414682097 
5.62363225034 11.7205836054 
5.5914743138 11.7023254747 
5.56846646276 11.688903196 
5.54560168433 11.675401873 
5.52190192177 11.6611295251 
5.49953764673 11.6475336241 
5.47820085526 11.6345659697 
5.45781802976 11.6222934576 
5.43745272393 11.6101495582 
5.41244966836 11.5947736296 
5.38567093548 11.577500234 
5.35932047136 11.5596442016 
5.33480504072 11.542390359 
5.30910307071 11.5234459227 
5.28531523763 11.5052548415 
5.26111717895 11.4860010894 
5.23719269951 11.4661646822 
5.21439941388 11.4465844349 
5.19052412261 11.4251307928 
5.16902878506 11.4051838947 
5.14657373572 11.3835064623 
5.12440295643 11.361169556 
5.1033699674 11.3391714399 
5.08264341257 11.3166696338 
5.06172388258 11.2929585159 
5.04170927214 11.2693218286 
5.02222609873 11.2453700478 
5.00281649074 11.2204340824 
4.98477957578 11.1963923573 
4.96662434087 11.1711689084 
4.9491194412 11.1458197485 
4.93218530548 11.1202861115 
4.9163585798 11.0956161089 
4.89985763534 11.0686928672 
4.88503074148 11.0436673524 
4.87049049269 11.0183225475 
4.85597057113 10.9920216949 
4.84193402266 10.9655725826 
4.82844632138 10.939174143 
4.81577809914 10.9136104045 
4.80323885524 10.8874302136 
4.79047877664 10.8595040476 
4.77842643394 10.8318508317 
4.76721869586 10.805143797 
4.756771717 10.7795838229 
4.74612998757 10.7525586315 
4.73568151731 10.7247844057 
4.72545811758 10.6960718872 
4.71578712627 10.6672844034 
4.7072369584 10.6409631379 
4.69899522328 10.6148761249 
4.69078133111 10.5878955371 
4.68280776163 10.5605893894 
4.6750183056 10.5325094143 
4.66755663525 10.5039800495 
4.66038024096 10.474429588 
4.65398988857 10.4465799845 
4.64803626464 10.4194377191 
4.64230984322 10.3920532898 
4.63687671323 10.3647883595 
4.63169005691 10.337420599 
4.62676740535 10.3100365993 
4.62212915143 10.2828721201 
4.61767538979 10.2550568083 
4.61355557499 10.2277783183 
4.60966030625 10.2003406986 
4.60602116761 10.1730705704 
4.60260252153 10.1455557806 
4.59947609553 10.1192172129 
4.596501561 10.0933503851 
4.59360926306 10.0673688852 
4.59084130785 10.0422259044 
4.58809404543 10.017077293 
4.5853871804 9.99252920828 
4.58266794527 9.96841361325 
4.57990543465 9.94478170115 
4.5770807107 9.92201114946 
4.57412196404 9.89973047834 
4.57104947801 9.87872152684 
4.56781631775 9.85910197673 
4.56435324956 9.84061572639 
4.56067708853 9.82358010891 
4.55654582271 9.80646570397 
4.55150056107 9.78655244132 
4.54619934613 9.7669367593 
4.54075466681 9.74822017925 
4.53522814117 9.73078932831 
4.52953528984 9.71437863753 
4.52388047748 9.69973484628 
4.51729467095 9.68374810702 
4.50957211611 9.66576777134 
4.50170376567 9.6484343205 
4.49389084313 9.63231522813 
4.4860012082 9.61712379778 
4.47713807814 9.60082877242 
4.46771657186 9.58427368701 
4.45823792264 9.56846311903 
4.44873400908 9.55348238524 
4.43804260007 9.53721364517 
4.42719626195 9.52139891731 
4.41624322495 9.50613359382 
4.40508500223 9.49127077428 
4.39334353628 9.47623949311 
4.38138463834 9.46155769747 
4.36966469999 9.44786843133 
4.35666071698 9.43315696125 
4.34390862147 9.41934541493 
4.33108607749 9.40606207314 
4.317588319 9.39260177694 
4.30399594251 9.37960382788 
4.29037551494 9.3671474165 
4.276413838 9.35491634668 
4.2623480443 9.34314156041 
4.247764829 9.33143402826 
4.23326796664 9.32033673038 
4.21836836284 9.30942997461 
4.20315456491 9.29878352803 
4.18773135824 9.28847859915 
4.17193717854 9.27838991923 
4.15606542134 9.26872858342 
4.13975418619 9.25924285631 
4.12352000366 9.25027174363 
4.10700036361 9.24159044986 
4.09029638507 9.23325718162 
4.07350884739 9.22533046602 
4.05633147383 9.21764101323 
4.03899740743 9.21030606956 
4.02122983046 9.20318568088 
4.00359624083 9.1965424313 
3.98585668074 9.19027528759 
3.96823367044 9.18447897938 
3.9499987018 9.17886417066 
3.93138125827 9.17350444146 
3.91279564331 9.16854208138 
3.89403755296 9.16390980871 
3.8755558181 9.15974829676 
3.85707879777 9.15598580487 
3.83874618061 9.15266255357 
3.82029418801 9.14971557858 
3.80202796163 9.14721351577 
3.78367248998 9.14510318601 
3.76527589249 9.14339240455 
3.74694936609 9.14209849651 
3.7284630822 9.14119169509 
3.70971107579 9.1406563951 
3.69119016872 9.14053377732 
3.67268113357 9.14081117071 
3.65416864236 9.14148862512 
3.63545260945 9.14255860595 
3.61650312838 9.14401685968 
3.59750131981 9.14585409869 
3.5785405956 9.14806524635 
3.55696750254 9.15076994761 
3.54004763052 9.15343433865 
3.52166881537 9.15668096772 
3.50347284163 9.16030332642 
3.48543845521 9.16430471356 
3.46745884928 9.16870366257 
3.44940255226 9.17352168453 
3.43163484499 9.17868184957 
3.41382559116 9.18426109239 
3.3988794663 9.18953589191 
3.38101602987 9.19612650132 
3.36347229624 9.20301590534 
3.34595750817 9.21030117406 
3.3287326644 9.21788901415 
3.31379287209 9.22504736529 
3.29649861261 9.23364668426 
3.27937543412 9.24256982049 
3.26251634133 9.25177637437 
3.24624669077 9.26111686528 
3.23002299085 9.27086825242 
3.21395945127 9.28096708168 
3.1976027556 9.2916550189 
3.18091608687 9.30293418637 
3.1668576583 9.31305044694 
3.1547584505 9.32244998549 
3.14140408896 9.33329771468 
3.12190408896 9.34894771468 
3.11081247769 9.3587177578 
3.09727615707 9.37100017933 
3.076376162 9.38946634668 
3.06204496387 9.40266092916 
3.04802571945 9.41606394872 
3.03569201681 9.42852203493 
3.02155649735 9.4431481069 
3.01105851075 9.45487422962 
2.99731709517 9.47042628743 
2.9842192174 9.48575644148 
2.97318033471 9.49943474385 
2.96038428014 9.51564547081 
2.94824601451 9.53157521211 
2.93709716363 9.54687591022 
2.92550074153 9.56330508444 
2.91501648743 9.57888118022 
2.90422330249 9.59548868825 
2.8941994912 9.611639682 
2.88373538331 9.62905100665 
2.87375491189 9.64632092755 
2.86454897021 9.66303951114 
2.85508602832 9.68084990718 
2.84636803063 9.69807447901 
2.83783543871 9.71570342322 
2.82983550345 9.73311012522 
2.82211263608 9.75078399848 
2.81441606426 9.76920152984 
2.80708817293 9.7876292687 
2.80024217259 9.80583945463 
2.79370195888 9.82424219776 
2.78766202817 9.8423838677 
2.78170485286 9.86130836708 
2.77565564308 9.88139565633 
2.77000007195 9.90123575513 
2.76467367733 9.9210464075 
2.75964237133 9.94094041812 
2.75509045813 9.96035300612 
2.75103996037 9.97927433033 
2.74724240594 9.99863246399 
2.74365175011 10.0185512501 
2.73986445181 10.0405286674 
2.73626959361 10.0625635639 
2.73283718618 10.0847688673 
2.72958907378 10.1070028845 
2.72647493371 10.129518265 
2.7235520907 10.1519632893 
2.72066336301 10.1751104204 
2.71800189978 10.1977802559 
2.71526401021 10.2217146156 
2.71260925107 10.2455822392 
2.70991000495 10.2701139764 
2.70713244425 10.2951634767 
2.70433601177 10.320200986 
2.70139401021 10.3459146156 
2.698528439 10.3708503851 
2.6955995516 10.3960870966 
2.69262189978 10.4213802559 
2.68953311538 10.4470093111 
2.68632281881 10.4728740114 
2.68286747582 10.4994453446 
2.67935575929 10.5255417192 
2.67538472622 10.5531143957 
2.67148728677 10.5792259064 
2.66723734968 10.6062717081 
2.66285757109 10.6329587829 
2.65768172431 10.6619528871 
2.65266708249 10.6887576118 
2.64720623127 10.7163728116 
2.64191470284 10.7423728109 
2.63628144003 10.7690567045 
2.63091182128 10.7941601929 
2.62495633739 10.8209680866 
2.61916985212 10.8465101058 
2.61274132012 10.8736937944 
2.60619654113 10.9003752737 
2.5989225951 10.9284676786 
2.59151833701 10.9557810833 
2.58439911601 10.9814436675 
2.57729816842 11.0066555172 
2.5699188718 11.032303171 
2.56199221803 11.0589546816 
2.55413831026 11.0847252377 
2.54564113728 11.1116039149 
2.5374284636 11.1370374994 
2.52955783574 11.1612716038 
2.52134792486 11.1861939702 
2.51284826069 11.2115160572 
2.50433139314 11.2365070572 
2.47177569096 11.3052977629 
2.4690448929 11.31228008 
2.43982462838 11.3627585467 
2.43579433138 11.3699562301 
2.42429280922 11.3926810931 
2.39280855144 11.4410294504 
2.40269889836 11.4297285015 
2.38355802709 11.4608381642 
2.32512525996 11.5300341834 
2.2676383384 11.5771440536 
2.21510665367 11.6095076256 
2.19054511031 11.6229119541 
2.16337997969 11.636781346 
2.12705214035 11.6532338477 
2.07172568173 11.6723948769 
2.01001476237 11.6856299993 
1.99815586735 11.6885498572 
1.97410997536 11.6939398901 
1.95241707571 11.6990791344 
1.94794722162 11.7012643841 
1.88794279653 11.714531522 
1.87768801907 11.7172340095 
1.85925001657 11.7219275325 
1.84840636937 11.7255082514 
1.81960193259 11.7336914556 
1.79075002147 11.741381831 
1.76517159491 11.748038576 
1.7374160724 11.7549254194 
1.71066429907 11.7613160954 
1.6427025136 11.7704814071 
1.6363738955 11.7719715046 
1.62125742661 11.7748457177 
1.58004702574 11.7803741201 
1.54095704129 11.7835968687 
1.52354998929 11.7853823902 
1.48435718767 11.7876451467 
1.48007635971 11.7888517659 
1.46474066474 11.7912976051 
1.47395107836 11.7908851194 
1.43014683577 11.8003733581 
1.38233031041 11.8071078869 
1.34443894967 11.8103163457 
1.35153021749 11.8107449958 
1.31274248727 11.8164109367 
1.28672625487 11.8198767449 
1.25834336776 11.8233305514 
1.22037002602 11.8265262349 
1.19311528269 11.8284004557 
1.17777559597 11.8300956687 
1.12891772183 11.8320394382 
1.11364761491 11.8329916423 
1.111339729 11.8341528913 
1.0745826512 11.8376367915 
1.03889882864 11.8396926229 
1.01755437927 11.8410840471 
0.995006961593 11.8427213202 
0.9688641083 11.844505589 
0.942718339394 11.8461848837 
0.917764273753 11.8477850803 
0.890411529321 11.8493290888 
0.865442832601 11.8507293522 
0.839280733564 11.8520940872 
0.814314110374 11.8533941197 
0.78814468088 11.854654168 
0.763171530191 11.8558542233 
0.736998943363 11.8570094178 
0.71202036086 11.8581094875 
0.68584099616 11.8591599041 
0.659655479694 11.8601055557 
0.633470459328 11.860946346 
0.608481691709 11.8617463705 
0.582292066529 11.8624823751 
0.556100230042 11.863113582 
0.531108230042 11.863713582 
0.506113654218 11.8643135959 
0.479917759938 11.8648399988 
0.45492299988 11.865339994 
0.428728345541 11.865761592 
0.403730961566 11.8661615982 
0.378733961566 11.8665615982 
0.353736961566 11.8669615982 
0.327537884803 11.8672784006 
0.302540028789 11.8675783989 
0.277540884803 11.8678784006 
0.252543028789 11.8681783989 
0.226344019198 11.8683903997 
0.202546028789 11.8686783989 
0.176347019198 11.8688903997 
0.151346923204 11.8690904005 
0.126349115201 11.8692903989 
0.101348813605 11.8694904005 
0.0751488904001 11.8695976 
0.0513504671985 11.8697903993 
0.0263503232037 11.8699904005 
0.00015041136009 11.8700976 
-0.0248480385574 11.8701975997 
-0.0486481767963 11.8703904005 
-0.0748481095999 11.8704976 
-0.0998480048 11.8705976 
-0.1248480096 11.8706976 
-0.1498480096 11.8707976 
-0.1748480096 11.8708976 
-0.199846961599 11.8709975998 
-0.226047 11.871 
-0.2498470096 11.8710976 
-0.2748470096 11.8711976 
-0.301047 11.8712 
-0.3248470096 11.8712976 
-0.351047 11.8713 
-0.3748470096 11.8713976 
-0.401047 11.8714 
-0.426047 11.8714 
-0.4498470096 11.8714976 
-0.476047 11.8715 
-0.501047 11.8715 
-0.526047 11.8715 
-0.551047 11.8715 
-0.5772469904 11.8713976 
-0.601047 11.8714 
-0.6272469904 11.8712976 
-0.651047 11.8713 
-0.6772469904 11.8711976 
-0.703446923204 11.8709904005 
-0.727245086405 11.8708975996 
-0.753444923204 11.8706904005 
-0.778443115201 11.8704903989 
-0.804641884803 11.8701784006 
-0.829640028789 11.8698783989 
-0.855836961566 11.8694615982 
-0.880833961566 11.8690615982 
-0.907028239842 11.8685399892 
-0.934420059029 11.8677824033 
-0.95940907427 11.8670823468 
-0.986792479694 11.8661055557 
-1.01297143518 11.8650598465 
-1.04153761811 11.8635942495 
-1.06770051612 11.8621292017 
-1.09624173667 11.860205478 
-1.12475987712 11.8579384689 
-1.15444373286 11.8551150046 
-1.18409361325 11.8518120547 
-1.21368663417 11.8480313941 
-1.24440066474 11.8434976051 
-1.2750592923 11.8383345148 
-1.30794564859 11.8318880326 
-1.33959508984 11.824839789 
-1.37451085322 11.8158054566 
-1.41042291692 11.8049461793 
-1.44933237364 11.7909957022 
-1.4879826644 11.7746490142 
-1.51785326409 11.7607737138 
-1.54850216965 11.7454042817 
-1.5788386523 11.7289758121 
-1.60873811574 11.7115259223 
-1.63609365065 11.6946026159 
-1.66161011201 11.6781420995 
-1.68529033018 11.6624475192 
-1.71024384337 11.645302477 
-1.73530448117 11.6273738221 
-1.75824033498 11.6105193876 
-1.78156662052 11.5928751179 
-1.80578610775 11.5738415172 
-1.82908236018 11.5548743462 
-1.85283521123 11.5347366031 
-1.87525880975 11.5150664528 
-1.89796758002 11.4943938006 
-1.91940190868 11.4742670574 
-1.94162143782 11.4525806445 
-1.96288692843 11.4310656587 
-1.98544730235 11.4070873903 
-2.00618713436 11.3840904739 
-2.02645254317 11.3606983428 
-2.04682331658 11.3360827306 
-2.06612792923 11.3117400176 
-2.08531930112 11.286412633 
-2.10319028853 11.2618871303 
-2.12137627852 11.2357505404 
-2.13826739728 11.2104715121 
-2.15511795843 11.1841005404 
-2.17096672515 11.1582641672 
-2.18656473326 11.131718918 
-2.20155037206 11.1050906581 
-2.2160324989 11.0781997949 
-2.23002529682 11.0510338742 
-2.2431949424 11.024420831 
-2.25617753898 10.9969836633 
-2.2688106928 10.9689098716 
-2.28066788792 10.9413020877 
-2.29177089024 10.914406821 
-2.30281151004 10.886350875 
-2.31335468105 10.8581520202 
-2.32359008082 10.8291119944 
-2.33335048656 10.7995297393 
-2.34189925635 10.7724667825 
-2.35036372213 10.7442846052 
-2.35832322654 10.7164145932 
-2.36611042017 10.6873615169 
-2.37332275004 10.6586606875 
-2.38026179009 10.6287215468 
-2.38630879958 10.6011230861 
-2.39179617371 10.5755731867 
-2.39719152081 10.5499243115 
-2.40276199481 10.5218416349 
-2.40782007038 10.4953987533 
-2.41257994309 10.470220599 
-2.41750259465 10.4428365993 
-2.42235187678 10.4131581987 
-2.42668059931 10.3836498523 
-2.43051747582 10.3544453446 
-2.43382747847 10.3277557806 
-2.4367379825 10.3064948831 
-2.4399334688 10.2846675501 
-2.4436774573 10.257583109 
-2.44723883695 10.2298372949 
-2.45045747847 10.2038557806 
-2.45358792502 10.1773987428 
-2.45661172079 10.149640548 
-2.45934311397 10.1228277035 
-2.4618961091 10.0963822756 
-2.46431340271 10.0695794065 
-2.46655842208 10.0424155127 
-2.46860262683 10.0153723293 
-2.47046253025 9.98877947885 
-2.47217026347 9.96191001668 
-2.47370885848 9.93514936168 
-2.47509045535 9.90849795704 
-2.47632234211 9.88185195008 
-2.47739990408 9.85506999616 
-2.4783512945 9.82899713397 
-2.4791900885 9.80258284908 
-2.47989551062 9.77601724148 
-2.4804699845 9.7495910801 
-2.4809723465 9.72400122248 
-2.48141563384 9.6982792369 
-2.48175542702 9.67195968547 
-2.48203250553 9.64635981106 
-2.48246695563 9.62377125927 
-2.48307542702 9.60106040744 
-2.4838013612 9.57726943315 
-2.48462836368 9.5535978542 
-2.48556990408 9.53017999616 
-2.48664234211 9.50701195008 
-2.48780989808 9.48252094829 
-2.48892530085 9.45561939391 
-2.48950060432 9.42245958846 
-2.48913890084 9.38894044783 
-2.48804674534 9.35723864669 
-2.48676680257 9.32938829031 
-2.48684730481 9.3155501168 
-2.48745556187 9.30195987213 
-2.48842989808 9.28263094829 
-2.48968250721 9.25957581036 
-2.49066166568 9.22607055486 
-2.490729784 9.19303000026 
-2.49016996999 9.16239880012 
-2.4893313612 9.13429056685 
-2.48914840233 9.11481025917 
-2.48929594408 9.09496997891 
-2.48948133638 9.07068993416 
-2.48974250553 9.04664981106 
-2.49015350962 9.02370129429 
-2.49070649088 9.00049802918 
-2.49129642406 8.97551085995 
-2.49185736827 8.95004104252 
-2.49235471928 8.92419893861 
-2.4927471231 8.89789128994 
-2.49298838467 8.87108989779 
-2.49313529611 8.84512997366 
-2.49342693866 8.82216971404 
-2.49384354679 8.79872918242 
-2.49423535 8.77300947332 
-2.49463157664 8.74826130575 
-2.49524570988 8.72675015766 
-2.4960879912 8.70475653908 
-2.4970278216 8.67978104693 
-2.49793401936 8.654081903 
-2.49869570988 8.62681015766 
-2.49921922889 8.59904906581 
-2.49948730481 8.5712898832 
-2.49962594408 8.54508997891 
-2.50012199202 8.5253809578 
-2.5009278216 8.50484104693 
-2.50179253402 8.47828878562 
-2.50250542702 8.45150040744 
-2.50300354679 8.42385918242 
-2.5032222243 8.39573994401 
-2.50309594408 8.36702002109 
-2.50278980188 8.34010884183 
-2.50300941656 8.3211099111 
-2.50354073586 8.30090782195 
-2.50403137292 8.27400128523 
-2.50444966414 8.24851933849 
-2.5051239738 8.22796918766 
-2.50607932479 8.20684305396 
-2.50717955713 8.18185777874 
-2.50825033768 8.15615918139 
-2.50920977255 8.12938177332 
-2.50999556187 8.10234987213 
-2.51066857029 8.07652048302 
-2.51127642406 8.05081085995 
-2.51191551062 8.02664724148 
-2.51259570988 8.00202015766 
-2.51323771275 7.97619068755 
-2.51380736827 7.95036104252 
-2.51435742634 7.92535840338 
-2.51488507314 7.90001114598 
-2.51533563384 7.8739292369 
-2.51570890084 7.84808955217 
-2.51609347345 7.82346130271 
-2.51650767296 7.79881928891 
-2.51685386741 7.77273965505 
-2.51714117071 7.74715113357 
-2.51753767296 7.72382928891 
-2.51804260672 7.70014857126 
-2.51852695563 7.67444125927 
-2.51894966414 7.64871933849 
-2.51936763908 7.62385130486 
-2.51977160737 7.59860938572 
-2.52009693866 7.57252971404 
-2.52032838467 7.54644989779 
-2.52056617696 7.5216898673 
-2.52080617696 7.4966898673 
-2.52097385619 7.47072996068 
-2.52107760003 7.4450099904 
-2.52130616589 7.4217010196 
-2.52163225985 7.39789962273 
-2.52190377732 7.37193983128 
-2.52207385619 7.34573996068 
-2.52221529611 7.32049997366 
-2.52232709604 7.29513998722 
-2.522339976 7.26893999999 
-2.522299616 7.24334000061 
-2.5223494 7.2194199988 
-2.52248529611 7.19549997366 
-2.52255882401 7.16965999671 
-2.522589784 7.14417999974 
-2.52271594408 7.12037997891 
-2.52292838467 7.09645989779 
-2.52310306424 7.07085995284 
-2.52323594408 7.04537997891 
-2.52342133638 7.02109993416 
-2.52365616589 6.9967110196 
-2.52385133638 6.97110993416 
-2.52401385619 6.94574996068 
-2.52421941656 6.9213499111 
-2.52444730481 6.8965898832 
-2.52464133638 6.87110993416 
-2.52478529611 6.84550997366 
-2.52493460015 6.8206299676 
-2.52508460015 6.7956299676 
-2.52520654406 6.77026998341 
-2.52531709604 6.74514998722 
-2.5254922243 6.72098994401 
-2.52573500112 6.69682985001 
-2.52594040046 6.6712299232 
-2.52610385619 6.64574996068 
-2.52625460015 6.6206299676 
-2.52638594084 6.59540060313 
-2.52646846401 6.56979999508 
-2.526499784 6.54419999974 
-2.526509976 6.51895999999 
-2.52651 6.49384 
-2.52651 6.46884 
-2.52651 6.44384 
-2.52651 6.41884 
-2.52651 6.39384 
-2.52651 6.36884 
-2.52651 6.34384 
-2.52651 6.31884 
-2.52651 6.29385 
-2.52651 6.26887 
-2.52651 6.24393 
-2.52651 6.21906 
-2.52651 6.19434 
-2.52651 6.16991 
-2.52651 6.14604 
-2.52651 6.12114 
-2.52651 6.09621 
-2.52651 6.07136 
-2.52651 6.04659 
-2.52651 6.02174 
-2.52651 5.99685 
-2.52651 5.97204 
-2.52651 5.94734 
-2.52651 5.92263 
-2.52651 5.89792 
-2.52651 5.87333 
-2.52651 5.84885 
-2.52651 5.8244 
-2.52651 5.8 
-2.52651 5.75 
-2.52651 5.7 
